0 75554960 0 0 0 0 0 27788280 75377200 0 0 0 0 0 0 75554960 0 0 0 0 0 0 0 0 0 0 0 0 0 0 0 0 0 0 0 0 0 0 0 0 0 0 0 0 0 0 0 0 0 0 0 0 0 0 0 0 27820600 27788280 0 0 0 0 0 0
27998360 0 75554960 0 0 0 0 0 75344880 75361040 0 0 0 0 0 0 0 0 0 0 0 0 0 0 0 0 0 0 0 0 0 0 0 0 0 0 0 0 0 0 0 0 0 0 0 0 0 0 0 0 0 0 0 0 0 0 0 27804440 27788280 0 0 0 0 0
0 27998360 0 75344880 0 0 0 0 0 75344880 75344880 0 0 0 0 0 0 0 0 0 0 0 0 0 0 0 0 0 0 0 0 0 0 0 0 0 0 0 0 0 0 0 0 0 0 0 0 0 0 0 0 0 0 0 0 0 0 0 27788280 27788280 0 0 0 0
0 0 27788280 0 75344880 0 0 0 0 0 75344880 75344880 0 0 0 0 0 0 0 0 0 0 0 0 0 0 0 0 0 0 0 0 0 0 0 0 0 0 0 0 0 0 0 0 0 0 0 0 0 0 0 0 0 0 0 0 0 0 0 27788280 27788280 0 0 0
0 0 0 27788280 0 75344880 0 0 0 0 0 75361040 75344880 0 0 0 0 0 0 0 0 0 0 0 0 0 0 0 0 0 0 0 0 0 0 0 0 0 0 0 0 0 0 0 0 0 0 0 0 0 0 0 0 0 0 0 0 0 0 0 27788280 27804440 0 0
0 0 0 0 27788280 0 75554960 0 0 0 0 0 75377200 75554960 0 0 0 0 0 0 0 0 0 0 0 0 0 0 0 0 0 0 0 0 0 0 0 0 0 0 0 0 0 0 0 0 0 0 0 0 0 0 0 0 0 0 0 0 0 0 0 27788280 27820600 0
0 0 0 0 0 27998360 0 75554960 0 0 0 0 0 75361040 75554960 0 0 0 0 0 0 0 0 0 0 0 0 0 0 0 0 0 0 0 0 0 0 0 0 0 0 0 0 0 0 0 0 0 0 0 0 0 0 0 0 0 0 0 0 0 0 0 27998360 28014520
75344880 0 0 0 0 0 27998360 0 0 0 0 0 0 0 75554960 75361040 0 0 0 0 0 0 0 0 0 0 0 0 0 0 0 0 0 0 0 0 0 0 0 0 0 0 0 0 0 0 0 0 0 0 0 0 0 0 0 0 27998360 0 0 0 0 0 0 28014520
27820600 27788280 0 0 0 0 0 0 0 75554960 0 0 0 0 0 27788280 75377200 0 0 0 0 0 0 75554960 0 0 0 0 0 0 0 0 0 0 0 0 0 0 0 0 0 0 0 0 0 0 0 0 0 0 0 0 0 0 0 0 0 0 0 0 0 0 0 0
0 27804440 27788280 0 0 0 0 0 27998360 0 75554960 0 0 0 0 0 75344880 75361040 0 0 0 0 0 0 0 0 0 0 0 0 0 0 0 0 0 0 0 0 0 0 0 0 0 0 0 0 0 0 0 0 0 0 0 0 0 0 0 0 0 0 0 0 0 0
0 0 27788280 27788280 0 0 0 0 0 27998360 0 75344880 0 0 0 0 0 75344880 75344880 0 0 0 0 0 0 0 0 0 0 0 0 0 0 0 0 0 0 0 0 0 0 0 0 0 0 0 0 0 0 0 0 0 0 0 0 0 0 0 0 0 0 0 0 0
0 0 0 27788280 27804440 0 0 0 0 0 27788280 0 75344880 0 0 0 0 0 75361040 75344880 0 0 0 0 0 0 0 0 0 0 0 0 0 0 0 0 0 0 0 0 0 0 0 0 0 0 0 0 0 0 0 0 0 0 0 0 0 0 0 0 0 0 0 0
0 0 0 0 27788280 27820600 0 0 0 0 0 27788280 0 75554960 0 0 0 0 0 75377200 75554960 0 0 0 0 0 0 0 0 0 0 0 0 0 0 0 0 0 0 0 0 0 0 0 0 0 0 0 0 0 0 0 0 0 0 0 0 0 0 0 0 0 0 0
0 0 0 0 0 27998360 27804440 0 0 0 0 0 27998360 0 75554960 0 0 0 0 0 75361040 75554960 0 0 0 0 0 0 0 0 0 0 0 0 0 0 0 0 0 0 0 0 0 0 0 0 0 0 0 0 0 0 0 0 0 0 0 0 0 0 0 0 0 0
0 0 0 0 0 0 27998360 27998360 0 0 0 0 0 27998360 0 75344880 0 0 0 0 0 75344880 75344880 0 0 0 0 0 0 0 0 0 0 0 0 0 0 0 0 0 0 0 0 0 0 0 0 0 0 0 0 0 0 0 0 0 0 0 0 0 0 0 0 0
27998360 0 0 0 0 0 0 27804440 75344880 0 0 0 0 0 27788280 0 0 0 0 0 0 0 75554960 75361040 0 0 0 0 0 0 0 0 0 0 0 0 0 0 0 0 0 0 0 0 0 0 0 0 0 0 0 0 0 0 0 0 0 0 0 0 0 0 0 0
0 0 0 0 0 0 0 0 27820600 27788280 0 0 0 0 0 0 0 75554960 0 0 0 0 0 27788280 75377200 0 0 0 0 0 0 75554960 0 0 0 0 0 0 0 0 0 0 0 0 0 0 0 0 0 0 0 0 0 0 0 0 0 0 0 0 0 0 0 0
0 0 0 0 0 0 0 0 0 27804440 27788280 0 0 0 0 0 27998360 0 75554960 0 0 0 0 0 75344880 75361040 0 0 0 0 0 0 0 0 0 0 0 0 0 0 0 0 0 0 0 0 0 0 0 0 0 0 0 0 0 0 0 0 0 0 0 0 0 0
0 0 0 0 0 0 0 0 0 0 27788280 27804440 0 0 0 0 0 27998360 0 75344880 0 0 0 0 0 75361040 75344880 0 0 0 0 0 0 0 0 0 0 0 0 0 0 0 0 0 0 0 0 0 0 0 0 0 0 0 0 0 0 0 0 0 0 0 0 0
0 0 0 0 0 0 0 0 0 0 0 27788280 27820600 0 0 0 0 0 27788280 0 75554960 0 0 0 0 0 75377200 75554960 0 0 0 0 0 0 0 0 0 0 0 0 0 0 0 0 0 0 0 0 0 0 0 0 0 0 0 0 0 0 0 0 0 0 0 0
0 0 0 0 0 0 0 0 0 0 0 0 27998360 27804440 0 0 0 0 0 27998360 0 75554960 0 0 0 0 0 75361040 75554960 0 0 0 0 0 0 0 0 0 0 0 0 0 0 0 0 0 0 0 0 0 0 0 0 0 0 0 0 0 0 0 0 0 0 0
0 0 0 0 0 0 0 0 0 0 0 0 0 27998360 27788280 0 0 0 0 0 27998360 0 75344880 0 0 0 0 0 75344880 75344880 0 0 0 0 0 0 0 0 0 0 0 0 0 0 0 0 0 0 0 0 0 0 0 0 0 0 0 0 0 0 0 0 0 0
0 0 0 0 0 0 0 0 0 0 0 0 0 0 27788280 27998360 0 0 0 0 0 27788280 0 75344880 0 0 0 0 0 75344880 75344880 0 0 0 0 0 0 0 0 0 0 0 0 0 0 0 0 0 0 0 0 0 0 0 0 0 0 0 0 0 0 0 0 0
0 0 0 0 0 0 0 0 27998360 0 0 0 0 0 0 27804440 75344880 0 0 0 0 0 27788280 0 0 0 0 0 0 0 75554960 75361040 0 0 0 0 0 0 0 0 0 0 0 0 0 0 0 0 0 0 0 0 0 0 0 0 0 0 0 0 0 0 0 0
0 0 0 0 0 0 0 0 0 0 0 0 0 0 0 0 27820600 27788280 0 0 0 0 0 0 0 75554960 0 0 0 0 0 27788280 75377200 0 0 0 0 0 0 75554960 0 0 0 0 0 0 0 0 0 0 0 0 0 0 0 0 0 0 0 0 0 0 0 0
0 0 0 0 0 0 0 0 0 0 0 0 0 0 0 0 0 27804440 27804440 0 0 0 0 0 27998360 0 75554960 0 0 0 0 0 75361040 75361040 0 0 0 0 0 0 0 0 0 0 0 0 0 0 0 0 0 0 0 0 0 0 0 0 0 0 0 0 0 0
0 0 0 0 0 0 0 0 0 0 0 0 0 0 0 0 0 0 27788280 27820600 0 0 0 0 0 27998360 0 75554960 0 0 0 0 0 75377200 75554960 0 0 0 0 0 0 0 0 0 0 0 0 0 0 0 0 0 0 0 0 0 0 0 0 0 0 0 0 0
0 0 0 0 0 0 0 0 0 0 0 0 0 0 0 0 0 0 0 27998360 27804440 0 0 0 0 0 27998360 0 75554960 0 0 0 0 0 75361040 75554960 0 0 0 0 0 0 0 0 0 0 0 0 0 0 0 0 0 0 0 0 0 0 0 0 0 0 0 0
0 0 0 0 0 0 0 0 0 0 0 0 0 0 0 0 0 0 0 0 27998360 27788280 0 0 0 0 0 27998360 0 75344880 0 0 0 0 0 75344880 75344880 0 0 0 0 0 0 0 0 0 0 0 0 0 0 0 0 0 0 0 0 0 0 0 0 0 0 0
0 0 0 0 0 0 0 0 0 0 0 0 0 0 0 0 0 0 0 0 0 27788280 27788280 0 0 0 0 0 27788280 0 75344880 0 0 0 0 0 75344880 75344880 0 0 0 0 0 0 0 0 0 0 0 0 0 0 0 0 0 0 0 0 0 0 0 0 0 0
0 0 0 0 0 0 0 0 0 0 0 0 0 0 0 0 0 0 0 0 0 0 27788280 27998360 0 0 0 0 0 27788280 0 75344880 0 0 0 0 0 75344880 75344880 0 0 0 0 0 0 0 0 0 0 0 0 0 0 0 0 0 0 0 0 0 0 0 0 0
0 0 0 0 0 0 0 0 0 0 0 0 0 0 0 0 27998360 0 0 0 0 0 0 27804440 75344880 0 0 0 0 0 27788280 0 0 0 0 0 0 0 75554960 75361040 0 0 0 0 0 0 0 0 0 0 0 0 0 0 0 0 0 0 0 0 0 0 0 0
0 0 0 0 0 0 0 0 0 0 0 0 0 0 0 0 0 0 0 0 0 0 0 0 27820600 27804440 0 0 0 0 0 0 0 75571120 0 0 0 0 0 27804440 75377200 0 0 0 0 0 0 75571120 0 0 0 0 0 0 0 0 0 0 0 0 0 0 0 0
0 0 0 0 0 0 0 0 0 0 0 0 0 0 0 0 0 0 0 0 0 0 0 0 0 27804440 27820600 0 0 0 0 0 28014520 0 75765040 0 0 0 0 0 75377200 75571120 0 0 0 0 0 0 0 0 0 0 0 0 0 0 0 0 0 0 0 0 0 0
0 0 0 0 0 0 0 0 0 0 0 0 0 0 0 0 0 0 0 0 0 0 0 0 0 0 27998360 27804440 0 0 0 0 0 28208440 0 75571120 0 0 0 0 0 75361040 75554960 0 0 0 0 0 0 0 0 0 0 0 0 0 0 0 0 0 0 0 0 0
0 0 0 0 0 0 0 0 0 0 0 0 0 0 0 0 0 0 0 0 0 0 0 0 0 0 0 27998360 27788280 0 0 0 0 0 28014520 0 75361040 0 0 0 0 0 75344880 75344880 0 0 0 0 0 0 0 0 0 0 0 0 0 0 0 0 0 0 0 0
0 0 0 0 0 0 0 0 0 0 0 0 0 0 0 0 0 0 0 0 0 0 0 0 0 0 0 0 27788280 27788280 0 0 0 0 0 27804440 0 75361040 0 0 0 0 0 75344880 75344880 0 0 0 0 0 0 0 0 0 0 0 0 0 0 0 0 0 0 0
0 0 0 0 0 0 0 0 0 0 0 0 0 0 0 0 0 0 0 0 0 0 0 0 0 0 0 0 0 27788280 27788280 0 0 0 0 0 27804440 0 75361040 0 0 0 0 0 75344880 75344880 0 0 0 0 0 0 0 0 0 0 0 0 0 0 0 0 0 0
0 0 0 0 0 0 0 0 0 0 0 0 0 0 0 0 0 0 0 0 0 0 0 0 0 0 0 0 0 0 27788280 27998360 0 0 0 0 0 27804440 0 75361040 0 0 0 0 0 75344880 75344880 0 0 0 0 0 0 0 0 0 0 0 0 0 0 0 0 0
0 0 0 0 0 0 0 0 0 0 0 0 0 0 0 0 0 0 0 0 0 0 0 0 27998360 0 0 0 0 0 0 27804440 75361040 0 0 0 0 0 27804440 0 0 0 0 0 0 0 75554960 75361040 0 0 0 0 0 0 0 0 0 0 0 0 0 0 0 0
0 0 0 0 0 0 0 0 0 0 0 0 0 0 0 0 0 0 0 0 0 0 0 0 0 0 0 0 0 0 0 0 27820600 27820600 0 0 0 0 0 0 0 75781200 0 0 0 0 0 27820600 75781200 0 0 0 0 0 0 75781200 0 0 0 0 0 0 0 0
0 0 0 0 0 0 0 0 0 0 0 0 0 0 0 0 0 0 0 0 0 0 0 0 0 0 0 0 0 0 0 0 0 28014520 27804440 0 0 0 0 0 28224600 0 75781200 0 0 0 0 0 75571120 75765040 0 0 0 0 0 0 0 0 0 0 0 0 0 0
0 0 0 0 0 0 0 0 0 0 0 0 0 0 0 0 0 0 0 0 0 0 0 0 0 0 0 0 0 0 0 0 0 0 27998360 27788280 0 0 0 0 0 28224600 0 75377200 0 0 0 0 0 75554960 75554960 0 0 0 0 0 0 0 0 0 0 0 0 0
0 0 0 0 0 0 0 0 0 0 0 0 0 0 0 0 0 0 0 0 0 0 0 0 0 0 0 0 0 0 0 0 0 0 0 27788280 27788280 0 0 0 0 0 27820600 0 75377200 0 0 0 0 0 75554960 75554960 0 0 0 0 0 0 0 0 0 0 0 0
0 0 0 0 0 0 0 0 0 0 0 0 0 0 0 0 0 0 0 0 0 0 0 0 0 0 0 0 0 0 0 0 0 0 0 0 27788280 27788280 0 0 0 0 0 27820600 0 75377200 0 0 0 0 0 75554960 75554960 0 0 0 0 0 0 0 0 0 0 0
0 0 0 0 0 0 0 0 0 0 0 0 0 0 0 0 0 0 0 0 0 0 0 0 0 0 0 0 0 0 0 0 0 0 0 0 0 27788280 27788280 0 0 0 0 0 27820600 0 75377200 0 0 0 0 0 75554960 75554960 0 0 0 0 0 0 0 0 0 0
0 0 0 0 0 0 0 0 0 0 0 0 0 0 0 0 0 0 0 0 0 0 0 0 0 0 0 0 0 0 0 0 0 0 0 0 0 0 27788280 27998360 0 0 0 0 0 27820600 0 75377200 0 0 0 0 0 75554960 75554960 0 0 0 0 0 0 0 0 0
0 0 0 0 0 0 0 0 0 0 0 0 0 0 0 0 0 0 0 0 0 0 0 0 0 0 0 0 0 0 0 0 28014520 0 0 0 0 0 0 27804440 75377200 0 0 0 0 0 27820600 0 0 0 0 0 0 0 75765040 75571120 0 0 0 0 0 0 0 0
0 0 0 0 0 0 0 0 0 0 0 0 0 0 0 0 0 0 0 0 0 0 0 0 0 0 0 0 0 0 0 0 0 0 0 0 0 0 0 0 28224600 28014520 0 0 0 0 0 0 0 75765040 0 0 0 0 0 28014520 75781200 0 0 0 0 0 0 75765040
0 0 0 0 0 0 0 0 0 0 0 0 0 0 0 0 0 0 0 0 0 0 0 0 0 0 0 0 0 0 0 0 0 0 0 0 0 0 0 0 0 28208440 27998360 0 0 0 0 0 28208440 0 75571120 0 0 0 0 0 75554960 75571120 0 0 0 0 0 0
0 0 0 0 0 0 0 0 0 0 0 0 0 0 0 0 0 0 0 0 0 0 0 0 0 0 0 0 0 0 0 0 0 0 0 0 0 0 0 0 0 0 27998360 27998360 0 0 0 0 0 28014520 0 75361040 0 0 0 0 0 75554960 75554960 0 0 0 0 0
0 0 0 0 0 0 0 0 0 0 0 0 0 0 0 0 0 0 0 0 0 0 0 0 0 0 0 0 0 0 0 0 0 0 0 0 0 0 0 0 0 0 0 27998360 27998360 0 0 0 0 0 27804440 0 75361040 0 0 0 0 0 75554960 75554960 0 0 0 0
0 0 0 0 0 0 0 0 0 0 0 0 0 0 0 0 0 0 0 0 0 0 0 0 0 0 0 0 0 0 0 0 0 0 0 0 0 0 0 0 0 0 0 0 27998360 27998360 0 0 0 0 0 27804440 0 75361040 0 0 0 0 0 75554960 75554960 0 0 0
0 0 0 0 0 0 0 0 0 0 0 0 0 0 0 0 0 0 0 0 0 0 0 0 0 0 0 0 0 0 0 0 0 0 0 0 0 0 0 0 0 0 0 0 0 27998360 27998360 0 0 0 0 0 27804440 0 75361040 0 0 0 0 0 75554960 75554960 0 0
0 0 0 0 0 0 0 0 0 0 0 0 0 0 0 0 0 0 0 0 0 0 0 0 0 0 0 0 0 0 0 0 0 0 0 0 0 0 0 0 0 0 0 0 0 0 27998360 28208440 0 0 0 0 0 27804440 0 75361040 0 0 0 0 0 75571120 75554960 0
0 0 0 0 0 0 0 0 0 0 0 0 0 0 0 0 0 0 0 0 0 0 0 0 0 0 0 0 0 0 0 0 0 0 0 0 0 0 0 0 28224600 0 0 0 0 0 0 28014520 75571120 0 0 0 0 0 27804440 0 0 0 0 0 0 0 75781200 75765040
75377200 0 0 0 0 0 0 75554960 0 0 0 0 0 0 0 0 0 0 0 0 0 0 0 0 0 0 0 0 0 0 0 0 0 0 0 0 0 0 0 0 0 0 0 0 0 0 0 0 28224600 27998360 0 0 0 0 0 0 0 75554960 0 0 0 0 0 27998360
75344880 75361040 0 0 0 0 0 0 0 0 0 0 0 0 0 0 0 0 0 0 0 0 0 0 0 0 0 0 0 0 0 0 0 0 0 0 0 0 0 0 0 0 0 0 0 0 0 0 0 28014520 27998360 0 0 0 0 0 27998360 0 75554960 0 0 0 0 0
0 75344880 75344880 0 0 0 0 0 0 0 0 0 0 0 0 0 0 0 0 0 0 0 0 0 0 0 0 0 0 0 0 0 0 0 0 0 0 0 0 0 0 0 0 0 0 0 0 0 0 0 27998360 27998360 0 0 0 0 0 27998360 0 75344880 0 0 0 0
0 0 75344880 75344880 0 0 0 0 0 0 0 0 0 0 0 0 0 0 0 0 0 0 0 0 0 0 0 0 0 0 0 0 0 0 0 0 0 0 0 0 0 0 0 0 0 0 0 0 0 0 0 27998360 27998360 0 0 0 0 0 27788280 0 75344880 0 0 0
0 0 0 75344880 75344880 0 0 0 0 0 0 0 0 0 0 0 0 0 0 0 0 0 0 0 0 0 0 0 0 0 0 0 0 0 0 0 0 0 0 0 0 0 0 0 0 0 0 0 0 0 0 0 27998360 27998360 0 0 0 0 0 27788280 0 75344880 0 0
0 0 0 0 75361040 75344880 0 0 0 0 0 0 0 0 0 0 0 0 0 0 0 0 0 0 0 0 0 0 0 0 0 0 0 0 0 0 0 0 0 0 0 0 0 0 0 0 0 0 0 0 0 0 0 27998360 28014520 0 0 0 0 0 27788280 0 75344880 0
0 0 0 0 0 75377200 75554960 0 0 0 0 0 0 0 0 0 0 0 0 0 0 0 0 0 0 0 0 0 0 0 0 0 0 0 0 0 0 0 0 0 0 0 0 0 0 0 0 0 0 0 0 0 0 0 27998360 28224600 0 0 0 0 0 27788280 0 75554960
0 0 0 0 0 0 75571120 75571120 0 0 0 0 0 0 0 0 0 0 0 0 0 0 0 0 0 0 0 0 0 0 0 0 0 0 0 0 0 0 0 0 0 0 0 0 0 0 0 0 28208440 0 0 0 0 0 0 28208440 75554960 0 0 0 0 0 27998360 0
