0 6624384 0 0 0 0 0 0 6624384 264160 0 0 0 0 0 0 0 0 0 0 0 0 0 0 0 0 0 0 0 0 0 0 6624384 264160 0 0 0 0 0 0 264160 14064 0 0 0 0 0 0 0 0 0 0 0 0 0 0 0 0 0 0 0 0 0 0 0 0 0 0 0 0 0 0 0 0 0 0 0 0 0 0 0 0 0 0 0 0 0 0 0 0 0 0 0 0 0 0 0 0 0 0 0 0 0 0 0 0 0 0 0 0 0 0 0 0 0 0 0 0 0 0 0 0 0 0 0 0 0 0
6624384 0 6624384 0 0 0 0 0 264160 6624384 264160 0 0 0 0 0 0 0 0 0 0 0 0 0 0 0 0 0 0 0 0 0 264160 6624384 264160 0 0 0 0 0 14064 264160 14064 0 0 0 0 0 0 0 0 0 0 0 0 0 0 0 0 0 0 0 0 0 0 0 0 0 0 0 0 0 0 0 0 0 0 0 0 0 0 0 0 0 0 0 0 0 0 0 0 0 0 0 0 0 0 0 0 0 0 0 0 0 0 0 0 0 0 0 0 0 0 0 0 0 0 0 0 0 0 0 0 0 0 0 0 0
0 6624384 0 6624384 0 0 0 0 0 264160 6624384 264160 0 0 0 0 0 0 0 0 0 0 0 0 0 0 0 0 0 0 0 0 0 264160 6624384 264160 0 0 0 0 0 14064 264160 14064 0 0 0 0 0 0 0 0 0 0 0 0 0 0 0 0 0 0 0 0 0 0 0 0 0 0 0 0 0 0 0 0 0 0 0 0 0 0 0 0 0 0 0 0 0 0 0 0 0 0 0 0 0 0 0 0 0 0 0 0 0 0 0 0 0 0 0 0 0 0 0 0 0 0 0 0 0 0 0 0 0 0 0 0
0 0 6624384 0 6624384 0 0 0 0 0 264160 6624384 264160 0 0 0 0 0 0 0 0 0 0 0 0 0 0 0 0 0 0 0 0 0 264160 6624384 264160 0 0 0 0 0 14064 264160 14064 0 0 0 0 0 0 0 0 0 0 0 0 0 0 0 0 0 0 0 0 0 0 0 0 0 0 0 0 0 0 0 0 0 0 0 0 0 0 0 0 0 0 0 0 0 0 0 0 0 0 0 0 0 0 0 0 0 0 0 0 0 0 0 0 0 0 0 0 0 0 0 0 0 0 0 0 0 0 0 0 0 0 0
0 0 0 6624384 0 6624384 0 0 0 0 0 264160 6624384 264160 0 0 0 0 0 0 0 0 0 0 0 0 0 0 0 0 0 0 0 0 0 264160 6624384 264160 0 0 0 0 0 14064 264160 14064 0 0 0 0 0 0 0 0 0 0 0 0 0 0 0 0 0 0 0 0 0 0 0 0 0 0 0 0 0 0 0 0 0 0 0 0 0 0 0 0 0 0 0 0 0 0 0 0 0 0 0 0 0 0 0 0 0 0 0 0 0 0 0 0 0 0 0 0 0 0 0 0 0 0 0 0 0 0 0 0 0 0
0 0 0 0 6624384 0 6624384 0 0 0 0 0 264160 6624384 264160 0 0 0 0 0 0 0 0 0 0 0 0 0 0 0 0 0 0 0 0 0 264160 6624384 264160 0 0 0 0 0 14064 264160 14064 0 0 0 0 0 0 0 0 0 0 0 0 0 0 0 0 0 0 0 0 0 0 0 0 0 0 0 0 0 0 0 0 0 0 0 0 0 0 0 0 0 0 0 0 0 0 0 0 0 0 0 0 0 0 0 0 0 0 0 0 0 0 0 0 0 0 0 0 0 0 0 0 0 0 0 0 0 0 0 0 0
0 0 0 0 0 6624384 0 6624384 0 0 0 0 0 264160 6624384 264160 0 0 0 0 0 0 0 0 0 0 0 0 0 0 0 0 0 0 0 0 0 264160 6624384 264160 0 0 0 0 0 14064 264160 14064 0 0 0 0 0 0 0 0 0 0 0 0 0 0 0 0 0 0 0 0 0 0 0 0 0 0 0 0 0 0 0 0 0 0 0 0 0 0 0 0 0 0 0 0 0 0 0 0 0 0 0 0 0 0 0 0 0 0 0 0 0 0 0 0 0 0 0 0 0 0 0 0 0 0 0 0 0 0 0 0
0 0 0 0 0 0 6624384 0 0 0 0 0 0 0 264160 6624384 0 0 0 0 0 0 0 0 0 0 0 0 0 0 0 0 0 0 0 0 0 0 264160 6624384 0 0 0 0 0 0 14064 264160 0 0 0 0 0 0 0 0 0 0 0 0 0 0 0 0 0 0 0 0 0 0 0 0 0 0 0 0 0 0 0 0 0 0 0 0 0 0 0 0 0 0 0 0 0 0 0 0 0 0 0 0 0 0 0 0 0 0 0 0 0 0 0 0 0 0 0 0 0 0 0 0 0 0 0 0 0 0 0 0
6624384 264160 0 0 0 0 0 0 0 6624384 0 0 0 0 0 0 6624384 264160 0 0 0 0 0 0 0 0 0 0 0 0 0 0 264160 14064 0 0 0 0 0 0 6624384 264160 0 0 0 0 0 0 264160 14064 0 0 0 0 0 0 0 0 0 0 0 0 0 0 0 0 0 0 0 0 0 0 0 0 0 0 0 0 0 0 0 0 0 0 0 0 0 0 0 0 0 0 0 0 0 0 0 0 0 0 0 0 0 0 0 0 0 0 0 0 0 0 0 0 0 0 0 0 0 0 0 0 0 0 0 0 0 0
264160 6624384 264160 0 0 0 0 0 6624384 0 6624384 0 0 0 0 0 264160 6624384 264160 0 0 0 0 0 0 0 0 0 0 0 0 0 14064 264160 14064 0 0 0 0 0 264160 6624384 264160 0 0 0 0 0 14064 264160 14064 0 0 0 0 0 0 0 0 0 0 0 0 0 0 0 0 0 0 0 0 0 0 0 0 0 0 0 0 0 0 0 0 0 0 0 0 0 0 0 0 0 0 0 0 0 0 0 0 0 0 0 0 0 0 0 0 0 0 0 0 0 0 0 0 0 0 0 0 0 0 0 0 0 0 0 0 0
0 264160 6624384 264160 0 0 0 0 0 6624384 0 6624384 0 0 0 0 0 264160 6624384 264160 0 0 0 0 0 0 0 0 0 0 0 0 0 14064 264160 14064 0 0 0 0 0 264160 6624384 264160 0 0 0 0 0 14064 264160 14064 0 0 0 0 0 0 0 0 0 0 0 0 0 0 0 0 0 0 0 0 0 0 0 0 0 0 0 0 0 0 0 0 0 0 0 0 0 0 0 0 0 0 0 0 0 0 0 0 0 0 0 0 0 0 0 0 0 0 0 0 0 0 0 0 0 0 0 0 0 0 0 0 0 0 0 0
0 0 264160 6624384 264160 0 0 0 0 0 6624384 0 6624384 0 0 0 0 0 264160 6624384 264160 0 0 0 0 0 0 0 0 0 0 0 0 0 14064 264160 14064 0 0 0 0 0 264160 6624384 264160 0 0 0 0 0 14064 264160 14064 0 0 0 0 0 0 0 0 0 0 0 0 0 0 0 0 0 0 0 0 0 0 0 0 0 0 0 0 0 0 0 0 0 0 0 0 0 0 0 0 0 0 0 0 0 0 0 0 0 0 0 0 0 0 0 0 0 0 0 0 0 0 0 0 0 0 0 0 0 0 0 0 0 0 0
0 0 0 264160 6624384 264160 0 0 0 0 0 6624384 0 6624384 0 0 0 0 0 264160 6624384 264160 0 0 0 0 0 0 0 0 0 0 0 0 0 14064 264160 14064 0 0 0 0 0 264160 6624384 264160 0 0 0 0 0 14064 264160 14064 0 0 0 0 0 0 0 0 0 0 0 0 0 0 0 0 0 0 0 0 0 0 0 0 0 0 0 0 0 0 0 0 0 0 0 0 0 0 0 0 0 0 0 0 0 0 0 0 0 0 0 0 0 0 0 0 0 0 0 0 0 0 0 0 0 0 0 0 0 0 0 0 0 0
0 0 0 0 264160 6624384 264160 0 0 0 0 0 6624384 0 6624384 0 0 0 0 0 264160 6624384 264160 0 0 0 0 0 0 0 0 0 0 0 0 0 14064 264160 14064 0 0 0 0 0 264160 6624384 264160 0 0 0 0 0 14064 264160 14064 0 0 0 0 0 0 0 0 0 0 0 0 0 0 0 0 0 0 0 0 0 0 0 0 0 0 0 0 0 0 0 0 0 0 0 0 0 0 0 0 0 0 0 0 0 0 0 0 0 0 0 0 0 0 0 0 0 0 0 0 0 0 0 0 0 0 0 0 0 0 0 0 0
0 0 0 0 0 264160 6624384 264160 0 0 0 0 0 6624384 0 6624384 0 0 0 0 0 264160 6624384 264160 0 0 0 0 0 0 0 0 0 0 0 0 0 14064 264160 14064 0 0 0 0 0 264160 6624384 264160 0 0 0 0 0 14064 264160 14064 0 0 0 0 0 0 0 0 0 0 0 0 0 0 0 0 0 0 0 0 0 0 0 0 0 0 0 0 0 0 0 0 0 0 0 0 0 0 0 0 0 0 0 0 0 0 0 0 0 0 0 0 0 0 0 0 0 0 0 0 0 0 0 0 0 0 0 0 0 0 0 0
0 0 0 0 0 0 264160 6624384 0 0 0 0 0 0 6624384 0 0 0 0 0 0 0 264160 6624384 0 0 0 0 0 0 0 0 0 0 0 0 0 0 14064 264160 0 0 0 0 0 0 264160 6624384 0 0 0 0 0 0 14064 264160 0 0 0 0 0 0 0 0 0 0 0 0 0 0 0 0 0 0 0 0 0 0 0 0 0 0 0 0 0 0 0 0 0 0 0 0 0 0 0 0 0 0 0 0 0 0 0 0 0 0 0 0 0 0 0 0 0 0 0 0 0 0 0 0 0 0 0 0 0 0 0 0
0 0 0 0 0 0 0 0 6624384 264160 0 0 0 0 0 0 0 6624384 0 0 0 0 0 0 6624384 264160 0 0 0 0 0 0 0 0 0 0 0 0 0 0 264160 14064 0 0 0 0 0 0 6624384 264160 0 0 0 0 0 0 264160 14064 0 0 0 0 0 0 0 0 0 0 0 0 0 0 0 0 0 0 0 0 0 0 0 0 0 0 0 0 0 0 0 0 0 0 0 0 0 0 0 0 0 0 0 0 0 0 0 0 0 0 0 0 0 0 0 0 0 0 0 0 0 0 0 0 0 0 0 0 0 0
0 0 0 0 0 0 0 0 264160 6624384 264160 0 0 0 0 0 6624384 0 6624384 0 0 0 0 0 264160 6624384 264160 0 0 0 0 0 0 0 0 0 0 0 0 0 14064 264160 14064 0 0 0 0 0 264160 6624384 264160 0 0 0 0 0 14064 264160 14064 0 0 0 0 0 0 0 0 0 0 0 0 0 0 0 0 0 0 0 0 0 0 0 0 0 0 0 0 0 0 0 0 0 0 0 0 0 0 0 0 0 0 0 0 0 0 0 0 0 0 0 0 0 0 0 0 0 0 0 0 0 0 0 0 0 0 0 0 0
0 0 0 0 0 0 0 0 0 264160 6624384 264160 0 0 0 0 0 6624384 0 6624384 0 0 0 0 0 264160 6624384 264160 0 0 0 0 0 0 0 0 0 0 0 0 0 14064 264160 14064 0 0 0 0 0 264160 6624384 264160 0 0 0 0 0 14064 264160 14064 0 0 0 0 0 0 0 0 0 0 0 0 0 0 0 0 0 0 0 0 0 0 0 0 0 0 0 0 0 0 0 0 0 0 0 0 0 0 0 0 0 0 0 0 0 0 0 0 0 0 0 0 0 0 0 0 0 0 0 0 0 0 0 0 0 0 0 0
0 0 0 0 0 0 0 0 0 0 264160 6624384 264160 0 0 0 0 0 6624384 0 6624384 0 0 0 0 0 264160 6624384 264160 0 0 0 0 0 0 0 0 0 0 0 0 0 14064 264160 14064 0 0 0 0 0 264160 6624384 264160 0 0 0 0 0 14064 264160 14064 0 0 0 0 0 0 0 0 0 0 0 0 0 0 0 0 0 0 0 0 0 0 0 0 0 0 0 0 0 0 0 0 0 0 0 0 0 0 0 0 0 0 0 0 0 0 0 0 0 0 0 0 0 0 0 0 0 0 0 0 0 0 0 0 0 0 0
0 0 0 0 0 0 0 0 0 0 0 264160 6624384 264160 0 0 0 0 0 6624384 0 6624384 0 0 0 0 0 264160 6624384 264160 0 0 0 0 0 0 0 0 0 0 0 0 0 14064 264160 14064 0 0 0 0 0 264160 6624384 264160 0 0 0 0 0 14064 264160 14064 0 0 0 0 0 0 0 0 0 0 0 0 0 0 0 0 0 0 0 0 0 0 0 0 0 0 0 0 0 0 0 0 0 0 0 0 0 0 0 0 0 0 0 0 0 0 0 0 0 0 0 0 0 0 0 0 0 0 0 0 0 0 0 0 0 0
0 0 0 0 0 0 0 0 0 0 0 0 264160 6624384 264160 0 0 0 0 0 6624384 0 6624384 0 0 0 0 0 264160 6624384 264160 0 0 0 0 0 0 0 0 0 0 0 0 0 14064 264160 14064 0 0 0 0 0 264160 6624384 264160 0 0 0 0 0 14064 264160 14064 0 0 0 0 0 0 0 0 0 0 0 0 0 0 0 0 0 0 0 0 0 0 0 0 0 0 0 0 0 0 0 0 0 0 0 0 0 0 0 0 0 0 0 0 0 0 0 0 0 0 0 0 0 0 0 0 0 0 0 0 0 0 0 0 0
0 0 0 0 0 0 0 0 0 0 0 0 0 264160 6624384 264160 0 0 0 0 0 6624384 0 6624384 0 0 0 0 0 264160 6624384 264160 0 0 0 0 0 0 0 0 0 0 0 0 0 14064 264160 14064 0 0 0 0 0 264160 6624384 264160 0 0 0 0 0 14064 264160 14064 0 0 0 0 0 0 0 0 0 0 0 0 0 0 0 0 0 0 0 0 0 0 0 0 0 0 0 0 0 0 0 0 0 0 0 0 0 0 0 0 0 0 0 0 0 0 0 0 0 0 0 0 0 0 0 0 0 0 0 0 0 0 0 0
0 0 0 0 0 0 0 0 0 0 0 0 0 0 264160 6624384 0 0 0 0 0 0 6624384 0 0 0 0 0 0 0 264160 6624384 0 0 0 0 0 0 0 0 0 0 0 0 0 0 14064 264160 0 0 0 0 0 0 264160 6624384 0 0 0 0 0 0 14064 264160 0 0 0 0 0 0 0 0 0 0 0 0 0 0 0 0 0 0 0 0 0 0 0 0 0 0 0 0 0 0 0 0 0 0 0 0 0 0 0 0 0 0 0 0 0 0 0 0 0 0 0 0 0 0 0 0 0 0 0 0 0 0 0 0
0 0 0 0 0 0 0 0 0 0 0 0 0 0 0 0 6624384 264160 0 0 0 0 0 0 0 6624384 0 0 0 0 0 0 0 0 0 0 0 0 0 0 0 0 0 0 0 0 0 0 264160 14064 0 0 0 0 0 0 6624384 264160 0 0 0 0 0 0 0 0 0 0 0 0 0 0 0 0 0 0 0 0 0 0 0 0 0 0 0 0 0 0 0 0 0 0 0 0 0 0 0 0 0 0 0 0 0 0 0 0 0 0 0 0 0 0 0 0 0 0 0 0 0 0 0 0 0 0 0 0 0 0
0 0 0 0 0 0 0 0 0 0 0 0 0 0 0 0 264160 6624384 264160 0 0 0 0 0 6624384 0 6624384 0 0 0 0 0 0 0 0 0 0 0 0 0 0 0 0 0 0 0 0 0 14064 264160 14064 0 0 0 0 0 264160 6624384 264160 0 0 0 0 0 0 0 0 0 0 0 0 0 0 0 0 0 0 0 0 0 0 0 0 0 0 0 0 0 0 0 0 0 0 0 0 0 0 0 0 0 0 0 0 0 0 0 0 0 0 0 0 0 0 0 0 0 0 0 0 0 0 0 0 0 0 0 0 0
0 0 0 0 0 0 0 0 0 0 0 0 0 0 0 0 0 264160 6624384 264160 0 0 0 0 0 6624384 0 6624384 0 0 0 0 0 0 0 0 0 0 0 0 0 0 0 0 0 0 0 0 0 14064 264160 14064 0 0 0 0 0 264160 6624384 264160 0 0 0 0 0 0 0 0 0 0 0 0 0 0 0 0 0 0 0 0 0 0 0 0 0 0 0 0 0 0 0 0 0 0 0 0 0 0 0 0 0 0 0 0 0 0 0 0 0 0 0 0 0 0 0 0 0 0 0 0 0 0 0 0 0 0 0 0
0 0 0 0 0 0 0 0 0 0 0 0 0 0 0 0 0 0 264160 6624384 264160 0 0 0 0 0 6624384 0 6624384 0 0 0 0 0 0 0 0 0 0 0 0 0 0 0 0 0 0 0 0 0 14064 264160 14064 0 0 0 0 0 264160 6624384 264160 0 0 0 0 0 0 0 0 0 0 0 0 0 0 0 0 0 0 0 0 0 0 0 0 0 0 0 0 0 0 0 0 0 0 0 0 0 0 0 0 0 0 0 0 0 0 0 0 0 0 0 0 0 0 0 0 0 0 0 0 0 0 0 0 0 0 0
0 0 0 0 0 0 0 0 0 0 0 0 0 0 0 0 0 0 0 264160 6624384 264160 0 0 0 0 0 6624384 0 6624384 0 0 0 0 0 0 0 0 0 0 0 0 0 0 0 0 0 0 0 0 0 14064 264160 14064 0 0 0 0 0 264160 6624384 264160 0 0 0 0 0 0 0 0 0 0 0 0 0 0 0 0 0 0 0 0 0 0 0 0 0 0 0 0 0 0 0 0 0 0 0 0 0 0 0 0 0 0 0 0 0 0 0 0 0 0 0 0 0 0 0 0 0 0 0 0 0 0 0 0 0 0
0 0 0 0 0 0 0 0 0 0 0 0 0 0 0 0 0 0 0 0 264160 6624384 264160 0 0 0 0 0 6624384 0 6624384 0 0 0 0 0 0 0 0 0 0 0 0 0 0 0 0 0 0 0 0 0 14064 264160 14064 0 0 0 0 0 264160 6624384 264160 0 0 0 0 0 0 0 0 0 0 0 0 0 0 0 0 0 0 0 0 0 0 0 0 0 0 0 0 0 0 0 0 0 0 0 0 0 0 0 0 0 0 0 0 0 0 0 0 0 0 0 0 0 0 0 0 0 0 0 0 0 0 0 0 0
0 0 0 0 0 0 0 0 0 0 0 0 0 0 0 0 0 0 0 0 0 264160 6624384 264160 0 0 0 0 0 6624384 0 6624384 0 0 0 0 0 0 0 0 0 0 0 0 0 0 0 0 0 0 0 0 0 14064 264160 14064 0 0 0 0 0 264160 6624384 264160 0 0 0 0 0 0 0 0 0 0 0 0 0 0 0 0 0 0 0 0 0 0 0 0 0 0 0 0 0 0 0 0 0 0 0 0 0 0 0 0 0 0 0 0 0 0 0 0 0 0 0 0 0 0 0 0 0 0 0 0 0 0 0 0
0 0 0 0 0 0 0 0 0 0 0 0 0 0 0 0 0 0 0 0 0 0 264160 6624384 0 0 0 0 0 0 6624384 0 0 0 0 0 0 0 0 0 0 0 0 0 0 0 0 0 0 0 0 0 0 0 14064 264160 0 0 0 0 0 0 264160 6624384 0 0 0 0 0 0 0 0 0 0 0 0 0 0 0 0 0 0 0 0 0 0 0 0 0 0 0 0 0 0 0 0 0 0 0 0 0 0 0 0 0 0 0 0 0 0 0 0 0 0 0 0 0 0 0 0 0 0 0 0 0 0 0 0
6624384 264160 0 0 0 0 0 0 264160 14064 0 0 0 0 0 0 0 0 0 0 0 0 0 0 0 0 0 0 0 0 0 0 0 6624384 0 0 0 0 0 0 6624384 264160 0 0 0 0 0 0 0 0 0 0 0 0 0 0 0 0 0 0 0 0 0 0 6624384 264160 0 0 0 0 0 0 264160 14064 0 0 0 0 0 0 0 0 0 0 0 0 0 0 0 0 0 0 0 0 0 0 0 0 0 0 0 0 0 0 0 0 0 0 0 0 0 0 0 0 0 0 0 0 0 0 0 0 0 0 0 0 0 0
264160 6624384 264160 0 0 0 0 0 14064 264160 14064 0 0 0 0 0 0 0 0 0 0 0 0 0 0 0 0 0 0 0 0 0 6624384 0 6624384 0 0 0 0 0 264160 6624384 264160 0 0 0 0 0 0 0 0 0 0 0 0 0 0 0 0 0 0 0 0 0 264160 6624384 264160 0 0 0 0 0 14064 264160 14064 0 0 0 0 0 0 0 0 0 0 0 0 0 0 0 0 0 0 0 0 0 0 0 0 0 0 0 0 0 0 0 0 0 0 0 0 0 0 0 0 0 0 0 0 0 0 0 0 0 0 0 0 0
0 264160 6624384 264160 0 0 0 0 0 14064 264160 14064 0 0 0 0 0 0 0 0 0 0 0 0 0 0 0 0 0 0 0 0 0 6624384 0 6624384 0 0 0 0 0 264160 6624384 264160 0 0 0 0 0 0 0 0 0 0 0 0 0 0 0 0 0 0 0 0 0 264160 6624384 264160 0 0 0 0 0 14064 264160 14064 0 0 0 0 0 0 0 0 0 0 0 0 0 0 0 0 0 0 0 0 0 0 0 0 0 0 0 0 0 0 0 0 0 0 0 0 0 0 0 0 0 0 0 0 0 0 0 0 0 0 0 0
0 0 264160 6624384 264160 0 0 0 0 0 14064 264160 14064 0 0 0 0 0 0 0 0 0 0 0 0 0 0 0 0 0 0 0 0 0 6624384 0 6624384 0 0 0 0 0 264160 6624384 264160 0 0 0 0 0 0 0 0 0 0 0 0 0 0 0 0 0 0 0 0 0 264160 6624384 264160 0 0 0 0 0 14064 264160 14064 0 0 0 0 0 0 0 0 0 0 0 0 0 0 0 0 0 0 0 0 0 0 0 0 0 0 0 0 0 0 0 0 0 0 0 0 0 0 0 0 0 0 0 0 0 0 0 0 0 0 0
0 0 0 264160 6624384 264160 0 0 0 0 0 14064 264160 14064 0 0 0 0 0 0 0 0 0 0 0 0 0 0 0 0 0 0 0 0 0 6624384 0 6624384 0 0 0 0 0 264160 6624384 264160 0 0 0 0 0 0 0 0 0 0 0 0 0 0 0 0 0 0 0 0 0 264160 6624384 264160 0 0 0 0 0 14064 264160 14064 0 0 0 0 0 0 0 0 0 0 0 0 0 0 0 0 0 0 0 0 0 0 0 0 0 0 0 0 0 0 0 0 0 0 0 0 0 0 0 0 0 0 0 0 0 0 0 0 0 0
0 0 0 0 264160 6624384 264160 0 0 0 0 0 14064 264160 14064 0 0 0 0 0 0 0 0 0 0 0 0 0 0 0 0 0 0 0 0 0 6624384 0 6624384 0 0 0 0 0 264160 6624384 264160 0 0 0 0 0 0 0 0 0 0 0 0 0 0 0 0 0 0 0 0 0 264160 6624384 264160 0 0 0 0 0 14064 264160 14064 0 0 0 0 0 0 0 0 0 0 0 0 0 0 0 0 0 0 0 0 0 0 0 0 0 0 0 0 0 0 0 0 0 0 0 0 0 0 0 0 0 0 0 0 0 0 0 0 0
0 0 0 0 0 264160 6624384 264160 0 0 0 0 0 14064 264160 14064 0 0 0 0 0 0 0 0 0 0 0 0 0 0 0 0 0 0 0 0 0 6624384 0 6624384 0 0 0 0 0 264160 6624384 264160 0 0 0 0 0 0 0 0 0 0 0 0 0 0 0 0 0 0 0 0 0 264160 6624384 264160 0 0 0 0 0 14064 264160 14064 0 0 0 0 0 0 0 0 0 0 0 0 0 0 0 0 0 0 0 0 0 0 0 0 0 0 0 0 0 0 0 0 0 0 0 0 0 0 0 0 0 0 0 0 0 0 0 0
0 0 0 0 0 0 264160 6624384 0 0 0 0 0 0 14064 264160 0 0 0 0 0 0 0 0 0 0 0 0 0 0 0 0 0 0 0 0 0 0 6624384 0 0 0 0 0 0 0 264160 6624384 0 0 0 0 0 0 0 0 0 0 0 0 0 0 0 0 0 0 0 0 0 0 264160 6624384 0 0 0 0 0 0 14064 264160 0 0 0 0 0 0 0 0 0 0 0 0 0 0 0 0 0 0 0 0 0 0 0 0 0 0 0 0 0 0 0 0 0 0 0 0 0 0 0 0 0 0 0 0 0 0 0 0
264160 14064 0 0 0 0 0 0 6624384 264160 0 0 0 0 0 0 264160 14064 0 0 0 0 0 0 0 0 0 0 0 0 0 0 6624384 264160 0 0 0 0 0 0 0 6624384 0 0 0 0 0 0 6624384 264160 0 0 0 0 0 0 0 0 0 0 0 0 0 0 264160 14064 0 0 0 0 0 0 6624384 264160 0 0 0 0 0 0 264160 14064 0 0 0 0 0 0 0 0 0 0 0 0 0 0 0 0 0 0 0 0 0 0 0 0 0 0 0 0 0 0 0 0 0 0 0 0 0 0 0 0 0 0 0 0 0 0
14064 264160 14064 0 0 0 0 0 264160 6624384 264160 0 0 0 0 0 14064 264160 14064 0 0 0 0 0 0 0 0 0 0 0 0 0 264160 6624384 264160 0 0 0 0 0 6624384 0 6624384 0 0 0 0 0 264160 6624384 264160 0 0 0 0 0 0 0 0 0 0 0 0 0 14064 264160 14064 0 0 0 0 0 264160 6624384 264160 0 0 0 0 0 14064 264160 14064 0 0 0 0 0 0 0 0 0 0 0 0 0 0 0 0 0 0 0 0 0 0 0 0 0 0 0 0 0 0 0 0 0 0 0 0 0 0 0 0 0 0 0 0 0
0 14064 264160 14064 0 0 0 0 0 264160 6624384 264160 0 0 0 0 0 14064 264160 14064 0 0 0 0 0 0 0 0 0 0 0 0 0 264160 6624384 264160 0 0 0 0 0 6624384 0 6624384 0 0 0 0 0 264160 6624384 264160 0 0 0 0 0 0 0 0 0 0 0 0 0 14064 264160 14064 0 0 0 0 0 264160 6624384 264160 0 0 0 0 0 14064 264160 14064 0 0 0 0 0 0 0 0 0 0 0 0 0 0 0 0 0 0 0 0 0 0 0 0 0 0 0 0 0 0 0 0 0 0 0 0 0 0 0 0 0 0 0 0
0 0 14064 264160 14064 0 0 0 0 0 264160 6624384 264160 0 0 0 0 0 14064 264160 14064 0 0 0 0 0 0 0 0 0 0 0 0 0 264160 6624384 264160 0 0 0 0 0 6624384 0 6624384 0 0 0 0 0 264160 6624384 264160 0 0 0 0 0 0 0 0 0 0 0 0 0 14064 264160 14064 0 0 0 0 0 264160 6624384 264160 0 0 0 0 0 14064 264160 14064 0 0 0 0 0 0 0 0 0 0 0 0 0 0 0 0 0 0 0 0 0 0 0 0 0 0 0 0 0 0 0 0 0 0 0 0 0 0 0 0 0 0 0
0 0 0 14064 264160 14064 0 0 0 0 0 264160 6624384 264160 0 0 0 0 0 14064 264160 14064 0 0 0 0 0 0 0 0 0 0 0 0 0 264160 6624384 264160 0 0 0 0 0 6624384 0 6624384 0 0 0 0 0 264160 6624384 264160 0 0 0 0 0 0 0 0 0 0 0 0 0 14064 264160 14064 0 0 0 0 0 264160 6624384 264160 0 0 0 0 0 14064 264160 14064 0 0 0 0 0 0 0 0 0 0 0 0 0 0 0 0 0 0 0 0 0 0 0 0 0 0 0 0 0 0 0 0 0 0 0 0 0 0 0 0 0 0
0 0 0 0 14064 264160 14064 0 0 0 0 0 264160 6624384 264160 0 0 0 0 0 14064 264160 14064 0 0 0 0 0 0 0 0 0 0 0 0 0 264160 6624384 264160 0 0 0 0 0 6624384 0 6624384 0 0 0 0 0 264160 6624384 264160 0 0 0 0 0 0 0 0 0 0 0 0 0 14064 264160 14064 0 0 0 0 0 264160 6624384 264160 0 0 0 0 0 14064 264160 14064 0 0 0 0 0 0 0 0 0 0 0 0 0 0 0 0 0 0 0 0 0 0 0 0 0 0 0 0 0 0 0 0 0 0 0 0 0 0 0 0 0
0 0 0 0 0 14064 264160 14064 0 0 0 0 0 264160 6624384 264160 0 0 0 0 0 14064 264160 14064 0 0 0 0 0 0 0 0 0 0 0 0 0 264160 6624384 264160 0 0 0 0 0 6624384 0 6624384 0 0 0 0 0 264160 6624384 264160 0 0 0 0 0 0 0 0 0 0 0 0 0 14064 264160 14064 0 0 0 0 0 264160 6624384 264160 0 0 0 0 0 14064 264160 14064 0 0 0 0 0 0 0 0 0 0 0 0 0 0 0 0 0 0 0 0 0 0 0 0 0 0 0 0 0 0 0 0 0 0 0 0 0 0 0 0
0 0 0 0 0 0 14064 264160 0 0 0 0 0 0 264160 6624384 0 0 0 0 0 0 14064 264160 0 0 0 0 0 0 0 0 0 0 0 0 0 0 264160 6624384 0 0 0 0 0 0 6624384 0 0 0 0 0 0 0 264160 6624384 0 0 0 0 0 0 0 0 0 0 0 0 0 0 14064 264160 0 0 0 0 0 0 264160 6624384 0 0 0 0 0 0 14064 264160 0 0 0 0 0 0 0 0 0 0 0 0 0 0 0 0 0 0 0 0 0 0 0 0 0 0 0 0 0 0 0 0 0 0 0 0 0 0 0 0
0 0 0 0 0 0 0 0 264160 14064 0 0 0 0 0 0 6624384 264160 0 0 0 0 0 0 264160 14064 0 0 0 0 0 0 0 0 0 0 0 0 0 0 6624384 264160 0 0 0 0 0 0 0 6624384 0 0 0 0 0 0 6624384 264160 0 0 0 0 0 0 0 0 0 0 0 0 0 0 264160 14064 0 0 0 0 0 0 6624384 264160 0 0 0 0 0 0 264160 14064 0 0 0 0 0 0 0 0 0 0 0 0 0 0 0 0 0 0 0 0 0 0 0 0 0 0 0 0 0 0 0 0 0 0 0 0 0 0
0 0 0 0 0 0 0 0 14064 264160 14064 0 0 0 0 0 264160 6624384 264160 0 0 0 0 0 14064 264160 14064 0 0 0 0 0 0 0 0 0 0 0 0 0 264160 6624384 264160 0 0 0 0 0 6624384 0 6624384 0 0 0 0 0 264160 6624384 264160 0 0 0 0 0 0 0 0 0 0 0 0 0 14064 264160 14064 0 0 0 0 0 264160 6624384 264160 0 0 0 0 0 14064 264160 14064 0 0 0 0 0 0 0 0 0 0 0 0 0 0 0 0 0 0 0 0 0 0 0 0 0 0 0 0 0 0 0 0 0 0 0 0 0
0 0 0 0 0 0 0 0 0 14064 264160 14064 0 0 0 0 0 264160 6624384 264160 0 0 0 0 0 14064 264160 14064 0 0 0 0 0 0 0 0 0 0 0 0 0 264160 6624384 264160 0 0 0 0 0 6624384 0 6624384 0 0 0 0 0 264160 6624384 264160 0 0 0 0 0 0 0 0 0 0 0 0 0 14064 264160 14064 0 0 0 0 0 264160 6624384 264160 0 0 0 0 0 14064 264160 14064 0 0 0 0 0 0 0 0 0 0 0 0 0 0 0 0 0 0 0 0 0 0 0 0 0 0 0 0 0 0 0 0 0 0 0 0
0 0 0 0 0 0 0 0 0 0 14064 264160 14064 0 0 0 0 0 264160 6624384 264160 0 0 0 0 0 14064 264160 14064 0 0 0 0 0 0 0 0 0 0 0 0 0 264160 6624384 264160 0 0 0 0 0 6624384 0 6624384 0 0 0 0 0 264160 6624384 264160 0 0 0 0 0 0 0 0 0 0 0 0 0 14064 264160 14064 0 0 0 0 0 264160 6624384 264160 0 0 0 0 0 14064 264160 14064 0 0 0 0 0 0 0 0 0 0 0 0 0 0 0 0 0 0 0 0 0 0 0 0 0 0 0 0 0 0 0 0 0 0 0
0 0 0 0 0 0 0 0 0 0 0 14064 264160 14064 0 0 0 0 0 264160 6624384 264160 0 0 0 0 0 14064 264160 14064 0 0 0 0 0 0 0 0 0 0 0 0 0 264160 6624384 264160 0 0 0 0 0 6624384 0 6624384 0 0 0 0 0 264160 6624384 264160 0 0 0 0 0 0 0 0 0 0 0 0 0 14064 264160 14064 0 0 0 0 0 264160 6624384 264160 0 0 0 0 0 14064 264160 14064 0 0 0 0 0 0 0 0 0 0 0 0 0 0 0 0 0 0 0 0 0 0 0 0 0 0 0 0 0 0 0 0 0 0
0 0 0 0 0 0 0 0 0 0 0 0 14064 264160 14064 0 0 0 0 0 264160 6624384 264160 0 0 0 0 0 14064 264160 14064 0 0 0 0 0 0 0 0 0 0 0 0 0 264160 6624384 264160 0 0 0 0 0 6624384 0 6624384 0 0 0 0 0 264160 6624384 264160 0 0 0 0 0 0 0 0 0 0 0 0 0 14064 264160 14064 0 0 0 0 0 264160 6624384 264160 0 0 0 0 0 14064 264160 14064 0 0 0 0 0 0 0 0 0 0 0 0 0 0 0 0 0 0 0 0 0 0 0 0 0 0 0 0 0 0 0 0 0
0 0 0 0 0 0 0 0 0 0 0 0 0 14064 264160 14064 0 0 0 0 0 264160 6624384 264160 0 0 0 0 0 14064 264160 14064 0 0 0 0 0 0 0 0 0 0 0 0 0 264160 6624384 264160 0 0 0 0 0 6624384 0 6624384 0 0 0 0 0 264160 6624384 264160 0 0 0 0 0 0 0 0 0 0 0 0 0 14064 264160 14064 0 0 0 0 0 264160 6624384 264160 0 0 0 0 0 14064 264160 14064 0 0 0 0 0 0 0 0 0 0 0 0 0 0 0 0 0 0 0 0 0 0 0 0 0 0 0 0 0 0 0 0
0 0 0 0 0 0 0 0 0 0 0 0 0 0 14064 264160 0 0 0 0 0 0 264160 6624384 0 0 0 0 0 0 14064 264160 0 0 0 0 0 0 0 0 0 0 0 0 0 0 264160 6624384 0 0 0 0 0 0 6624384 0 0 0 0 0 0 0 264160 6624384 0 0 0 0 0 0 0 0 0 0 0 0 0 0 14064 264160 0 0 0 0 0 0 264160 6624384 0 0 0 0 0 0 14064 264160 0 0 0 0 0 0 0 0 0 0 0 0 0 0 0 0 0 0 0 0 0 0 0 0 0 0 0 0 0 0 0 0
0 0 0 0 0 0 0 0 0 0 0 0 0 0 0 0 264160 14064 0 0 0 0 0 0 6624384 264160 0 0 0 0 0 0 0 0 0 0 0 0 0 0 0 0 0 0 0 0 0 0 6624384 264160 0 0 0 0 0 0 0 6624384 0 0 0 0 0 0 0 0 0 0 0 0 0 0 0 0 0 0 0 0 0 0 264160 14064 0 0 0 0 0 0 6624384 264160 0 0 0 0 0 0 0 0 0 0 0 0 0 0 0 0 0 0 0 0 0 0 0 0 0 0 0 0 0 0 0 0 0 0 0 0 0 0
0 0 0 0 0 0 0 0 0 0 0 0 0 0 0 0 14064 264160 14064 0 0 0 0 0 264160 6624384 264160 0 0 0 0 0 0 0 0 0 0 0 0 0 0 0 0 0 0 0 0 0 264160 6624384 264160 0 0 0 0 0 6624384 0 6624384 0 0 0 0 0 0 0 0 0 0 0 0 0 0 0 0 0 0 0 0 0 14064 264160 14064 0 0 0 0 0 264160 6624384 264160 0 0 0 0 0 0 0 0 0 0 0 0 0 0 0 0 0 0 0 0 0 0 0 0 0 0 0 0 0 0 0 0 0 0 0 0 0
0 0 0 0 0 0 0 0 0 0 0 0 0 0 0 0 0 14064 264160 14064 0 0 0 0 0 264160 6624384 264160 0 0 0 0 0 0 0 0 0 0 0 0 0 0 0 0 0 0 0 0 0 264160 6624384 264160 0 0 0 0 0 6624384 0 6624384 0 0 0 0 0 0 0 0 0 0 0 0 0 0 0 0 0 0 0 0 0 14064 264160 14064 0 0 0 0 0 264160 6624384 264160 0 0 0 0 0 0 0 0 0 0 0 0 0 0 0 0 0 0 0 0 0 0 0 0 0 0 0 0 0 0 0 0 0 0 0 0
0 0 0 0 0 0 0 0 0 0 0 0 0 0 0 0 0 0 14064 264160 14064 0 0 0 0 0 264160 6624384 264160 0 0 0 0 0 0 0 0 0 0 0 0 0 0 0 0 0 0 0 0 0 264160 6624384 264160 0 0 0 0 0 6624384 0 6624384 0 0 0 0 0 0 0 0 0 0 0 0 0 0 0 0 0 0 0 0 0 14064 264160 14064 0 0 0 0 0 264160 6624384 264160 0 0 0 0 0 0 0 0 0 0 0 0 0 0 0 0 0 0 0 0 0 0 0 0 0 0 0 0 0 0 0 0 0 0 0
0 0 0 0 0 0 0 0 0 0 0 0 0 0 0 0 0 0 0 14064 264160 14064 0 0 0 0 0 264160 6624384 264160 0 0 0 0 0 0 0 0 0 0 0 0 0 0 0 0 0 0 0 0 0 264160 6624384 264160 0 0 0 0 0 6624384 0 6624384 0 0 0 0 0 0 0 0 0 0 0 0 0 0 0 0 0 0 0 0 0 14064 264160 14064 0 0 0 0 0 264160 6624384 264160 0 0 0 0 0 0 0 0 0 0 0 0 0 0 0 0 0 0 0 0 0 0 0 0 0 0 0 0 0 0 0 0 0 0
0 0 0 0 0 0 0 0 0 0 0 0 0 0 0 0 0 0 0 0 14064 264160 14064 0 0 0 0 0 264160 6624384 264160 0 0 0 0 0 0 0 0 0 0 0 0 0 0 0 0 0 0 0 0 0 264160 6624384 264160 0 0 0 0 0 6624384 0 6624384 0 0 0 0 0 0 0 0 0 0 0 0 0 0 0 0 0 0 0 0 0 14064 264160 14064 0 0 0 0 0 264160 6624384 264160 0 0 0 0 0 0 0 0 0 0 0 0 0 0 0 0 0 0 0 0 0 0 0 0 0 0 0 0 0 0 0 0 0
0 0 0 0 0 0 0 0 0 0 0 0 0 0 0 0 0 0 0 0 0 14064 264160 14064 0 0 0 0 0 264160 6624384 264160 0 0 0 0 0 0 0 0 0 0 0 0 0 0 0 0 0 0 0 0 0 264160 6624384 264160 0 0 0 0 0 6624384 0 6624384 0 0 0 0 0 0 0 0 0 0 0 0 0 0 0 0 0 0 0 0 0 14064 264160 14064 0 0 0 0 0 264160 6624384 264160 0 0 0 0 0 0 0 0 0 0 0 0 0 0 0 0 0 0 0 0 0 0 0 0 0 0 0 0 0 0 0 0
0 0 0 0 0 0 0 0 0 0 0 0 0 0 0 0 0 0 0 0 0 0 14064 264160 0 0 0 0 0 0 264160 6624384 0 0 0 0 0 0 0 0 0 0 0 0 0 0 0 0 0 0 0 0 0 0 264160 6624384 0 0 0 0 0 0 6624384 0 0 0 0 0 0 0 0 0 0 0 0 0 0 0 0 0 0 0 0 0 0 0 14064 264160 0 0 0 0 0 0 264160 6624384 0 0 0 0 0 0 0 0 0 0 0 0 0 0 0 0 0 0 0 0 0 0 0 0 0 0 0 0 0 0 0 0
0 0 0 0 0 0 0 0 0 0 0 0 0 0 0 0 0 0 0 0 0 0 0 0 0 0 0 0 0 0 0 0 6624384 264160 0 0 0 0 0 0 264160 14064 0 0 0 0 0 0 0 0 0 0 0 0 0 0 0 0 0 0 0 0 0 0 0 6624384 0 0 0 0 0 0 6624384 264160 0 0 0 0 0 0 0 0 0 0 0 0 0 0 0 0 0 0 0 0 0 0 6624384 264160 0 0 0 0 0 0 264160 14064 0 0 0 0 0 0 0 0 0 0 0 0 0 0 0 0 0 0 0 0 0 0
0 0 0 0 0 0 0 0 0 0 0 0 0 0 0 0 0 0 0 0 0 0 0 0 0 0 0 0 0 0 0 0 264160 6624384 264160 0 0 0 0 0 14064 264160 14064 0 0 0 0 0 0 0 0 0 0 0 0 0 0 0 0 0 0 0 0 0 6624384 0 6624384 0 0 0 0 0 264160 6624384 264160 0 0 0 0 0 0 0 0 0 0 0 0 0 0 0 0 0 0 0 0 0 264160 6624384 264160 0 0 0 0 0 14064 264160 14064 0 0 0 0 0 0 0 0 0 0 0 0 0 0 0 0 0 0 0 0 0
0 0 0 0 0 0 0 0 0 0 0 0 0 0 0 0 0 0 0 0 0 0 0 0 0 0 0 0 0 0 0 0 0 264160 6624384 264160 0 0 0 0 0 14064 264160 14064 0 0 0 0 0 0 0 0 0 0 0 0 0 0 0 0 0 0 0 0 0 6624384 0 6624384 0 0 0 0 0 264160 6624384 264160 0 0 0 0 0 0 0 0 0 0 0 0 0 0 0 0 0 0 0 0 0 264160 6624384 264160 0 0 0 0 0 14064 264160 14064 0 0 0 0 0 0 0 0 0 0 0 0 0 0 0 0 0 0 0 0
0 0 0 0 0 0 0 0 0 0 0 0 0 0 0 0 0 0 0 0 0 0 0 0 0 0 0 0 0 0 0 0 0 0 264160 6624384 264160 0 0 0 0 0 14064 264160 14064 0 0 0 0 0 0 0 0 0 0 0 0 0 0 0 0 0 0 0 0 0 6624384 0 6624384 0 0 0 0 0 264160 6624384 264160 0 0 0 0 0 0 0 0 0 0 0 0 0 0 0 0 0 0 0 0 0 264160 6624384 264160 0 0 0 0 0 14064 264160 14064 0 0 0 0 0 0 0 0 0 0 0 0 0 0 0 0 0 0 0
0 0 0 0 0 0 0 0 0 0 0 0 0 0 0 0 0 0 0 0 0 0 0 0 0 0 0 0 0 0 0 0 0 0 0 264160 6624384 264160 0 0 0 0 0 14064 264160 14064 0 0 0 0 0 0 0 0 0 0 0 0 0 0 0 0 0 0 0 0 0 6624384 0 6624384 0 0 0 0 0 264160 6624384 264160 0 0 0 0 0 0 0 0 0 0 0 0 0 0 0 0 0 0 0 0 0 264160 6624384 264160 0 0 0 0 0 14064 264160 14064 0 0 0 0 0 0 0 0 0 0 0 0 0 0 0 0 0 0
0 0 0 0 0 0 0 0 0 0 0 0 0 0 0 0 0 0 0 0 0 0 0 0 0 0 0 0 0 0 0 0 0 0 0 0 264160 6624384 264160 0 0 0 0 0 14064 264160 14064 0 0 0 0 0 0 0 0 0 0 0 0 0 0 0 0 0 0 0 0 0 6624384 0 6624384 0 0 0 0 0 264160 6624384 264160 0 0 0 0 0 0 0 0 0 0 0 0 0 0 0 0 0 0 0 0 0 264160 6624384 264160 0 0 0 0 0 14064 264160 14064 0 0 0 0 0 0 0 0 0 0 0 0 0 0 0 0 0
0 0 0 0 0 0 0 0 0 0 0 0 0 0 0 0 0 0 0 0 0 0 0 0 0 0 0 0 0 0 0 0 0 0 0 0 0 264160 6624384 264160 0 0 0 0 0 14064 264160 14064 0 0 0 0 0 0 0 0 0 0 0 0 0 0 0 0 0 0 0 0 0 6624384 0 6624384 0 0 0 0 0 264160 6624384 264160 0 0 0 0 0 0 0 0 0 0 0 0 0 0 0 0 0 0 0 0 0 264160 6624384 264160 0 0 0 0 0 14064 264160 14064 0 0 0 0 0 0 0 0 0 0 0 0 0 0 0 0
0 0 0 0 0 0 0 0 0 0 0 0 0 0 0 0 0 0 0 0 0 0 0 0 0 0 0 0 0 0 0 0 0 0 0 0 0 0 264160 6624384 0 0 0 0 0 0 14064 264160 0 0 0 0 0 0 0 0 0 0 0 0 0 0 0 0 0 0 0 0 0 0 6624384 0 0 0 0 0 0 0 264160 6624384 0 0 0 0 0 0 0 0 0 0 0 0 0 0 0 0 0 0 0 0 0 0 264160 6624384 0 0 0 0 0 0 14064 264160 0 0 0 0 0 0 0 0 0 0 0 0 0 0 0 0
0 0 0 0 0 0 0 0 0 0 0 0 0 0 0 0 0 0 0 0 0 0 0 0 0 0 0 0 0 0 0 0 264160 14064 0 0 0 0 0 0 6624384 264160 0 0 0 0 0 0 264160 14064 0 0 0 0 0 0 0 0 0 0 0 0 0 0 6624384 264160 0 0 0 0 0 0 0 6624384 0 0 0 0 0 0 6624384 264160 0 0 0 0 0 0 0 0 0 0 0 0 0 0 264160 14064 0 0 0 0 0 0 6624384 264160 0 0 0 0 0 0 264160 14064 0 0 0 0 0 0 0 0 0 0 0 0 0 0
0 0 0 0 0 0 0 0 0 0 0 0 0 0 0 0 0 0 0 0 0 0 0 0 0 0 0 0 0 0 0 0 14064 264160 14064 0 0 0 0 0 264160 6624384 264160 0 0 0 0 0 14064 264160 14064 0 0 0 0 0 0 0 0 0 0 0 0 0 264160 6624384 264160 0 0 0 0 0 6624384 0 6624384 0 0 0 0 0 264160 6624384 264160 0 0 0 0 0 0 0 0 0 0 0 0 0 14064 264160 14064 0 0 0 0 0 264160 6624384 264160 0 0 0 0 0 14064 264160 14064 0 0 0 0 0 0 0 0 0 0 0 0 0
0 0 0 0 0 0 0 0 0 0 0 0 0 0 0 0 0 0 0 0 0 0 0 0 0 0 0 0 0 0 0 0 0 14064 264160 14064 0 0 0 0 0 264160 6624384 264160 0 0 0 0 0 14064 264160 14064 0 0 0 0 0 0 0 0 0 0 0 0 0 264160 6624384 264160 0 0 0 0 0 6624384 0 6624384 0 0 0 0 0 264160 6624384 264160 0 0 0 0 0 0 0 0 0 0 0 0 0 14064 264160 14064 0 0 0 0 0 264160 6624384 264160 0 0 0 0 0 14064 264160 14064 0 0 0 0 0 0 0 0 0 0 0 0
0 0 0 0 0 0 0 0 0 0 0 0 0 0 0 0 0 0 0 0 0 0 0 0 0 0 0 0 0 0 0 0 0 0 14064 264160 14064 0 0 0 0 0 264160 6624384 264160 0 0 0 0 0 14064 264160 14064 0 0 0 0 0 0 0 0 0 0 0 0 0 264160 6624384 264160 0 0 0 0 0 6624384 0 6624384 0 0 0 0 0 264160 6624384 264160 0 0 0 0 0 0 0 0 0 0 0 0 0 14064 264160 14064 0 0 0 0 0 264160 6624384 264160 0 0 0 0 0 14064 264160 14064 0 0 0 0 0 0 0 0 0 0 0
0 0 0 0 0 0 0 0 0 0 0 0 0 0 0 0 0 0 0 0 0 0 0 0 0 0 0 0 0 0 0 0 0 0 0 14064 264160 14064 0 0 0 0 0 264160 6624384 264160 0 0 0 0 0 14064 264160 14064 0 0 0 0 0 0 0 0 0 0 0 0 0 264160 6624384 264160 0 0 0 0 0 6624384 0 6624384 0 0 0 0 0 264160 6624384 264160 0 0 0 0 0 0 0 0 0 0 0 0 0 14064 264160 14064 0 0 0 0 0 264160 6624384 264160 0 0 0 0 0 14064 264160 14064 0 0 0 0 0 0 0 0 0 0
0 0 0 0 0 0 0 0 0 0 0 0 0 0 0 0 0 0 0 0 0 0 0 0 0 0 0 0 0 0 0 0 0 0 0 0 14064 264160 14064 0 0 0 0 0 264160 6624384 264160 0 0 0 0 0 14064 264160 14064 0 0 0 0 0 0 0 0 0 0 0 0 0 264160 6624384 264160 0 0 0 0 0 6624384 0 6624384 0 0 0 0 0 264160 6624384 264160 0 0 0 0 0 0 0 0 0 0 0 0 0 14064 264160 14064 0 0 0 0 0 264160 6624384 264160 0 0 0 0 0 14064 264160 14064 0 0 0 0 0 0 0 0 0
0 0 0 0 0 0 0 0 0 0 0 0 0 0 0 0 0 0 0 0 0 0 0 0 0 0 0 0 0 0 0 0 0 0 0 0 0 14064 264160 14064 0 0 0 0 0 264160 6624384 264160 0 0 0 0 0 14064 264160 14064 0 0 0 0 0 0 0 0 0 0 0 0 0 264160 6624384 264160 0 0 0 0 0 6624384 0 6624384 0 0 0 0 0 264160 6624384 264160 0 0 0 0 0 0 0 0 0 0 0 0 0 14064 264160 14064 0 0 0 0 0 264160 6624384 264160 0 0 0 0 0 14064 264160 14064 0 0 0 0 0 0 0 0
0 0 0 0 0 0 0 0 0 0 0 0 0 0 0 0 0 0 0 0 0 0 0 0 0 0 0 0 0 0 0 0 0 0 0 0 0 0 14064 264160 0 0 0 0 0 0 264160 6624384 0 0 0 0 0 0 14064 264160 0 0 0 0 0 0 0 0 0 0 0 0 0 0 264160 6624384 0 0 0 0 0 0 6624384 0 0 0 0 0 0 0 264160 6624384 0 0 0 0 0 0 0 0 0 0 0 0 0 0 14064 264160 0 0 0 0 0 0 264160 6624384 0 0 0 0 0 0 14064 264160 0 0 0 0 0 0 0 0
0 0 0 0 0 0 0 0 0 0 0 0 0 0 0 0 0 0 0 0 0 0 0 0 0 0 0 0 0 0 0 0 0 0 0 0 0 0 0 0 264160 14064 0 0 0 0 0 0 6624384 264160 0 0 0 0 0 0 264160 14064 0 0 0 0 0 0 0 0 0 0 0 0 0 0 6624384 264160 0 0 0 0 0 0 0 6624384 0 0 0 0 0 0 6624384 264160 0 0 0 0 0 0 0 0 0 0 0 0 0 0 264160 14064 0 0 0 0 0 0 6624384 264160 0 0 0 0 0 0 264160 14064 0 0 0 0 0 0
0 0 0 0 0 0 0 0 0 0 0 0 0 0 0 0 0 0 0 0 0 0 0 0 0 0 0 0 0 0 0 0 0 0 0 0 0 0 0 0 14064 264160 14064 0 0 0 0 0 264160 6624384 264160 0 0 0 0 0 14064 264160 14064 0 0 0 0 0 0 0 0 0 0 0 0 0 264160 6624384 264160 0 0 0 0 0 6624384 0 6624384 0 0 0 0 0 264160 6624384 264160 0 0 0 0 0 0 0 0 0 0 0 0 0 14064 264160 14064 0 0 0 0 0 264160 6624384 264160 0 0 0 0 0 14064 264160 14064 0 0 0 0 0
0 0 0 0 0 0 0 0 0 0 0 0 0 0 0 0 0 0 0 0 0 0 0 0 0 0 0 0 0 0 0 0 0 0 0 0 0 0 0 0 0 14064 264160 14064 0 0 0 0 0 264160 6624384 264160 0 0 0 0 0 14064 264160 14064 0 0 0 0 0 0 0 0 0 0 0 0 0 264160 6624384 264160 0 0 0 0 0 6624384 0 6624384 0 0 0 0 0 264160 6624384 264160 0 0 0 0 0 0 0 0 0 0 0 0 0 14064 264160 14064 0 0 0 0 0 264160 6624384 264160 0 0 0 0 0 14064 264160 14064 0 0 0 0
0 0 0 0 0 0 0 0 0 0 0 0 0 0 0 0 0 0 0 0 0 0 0 0 0 0 0 0 0 0 0 0 0 0 0 0 0 0 0 0 0 0 14064 264160 14064 0 0 0 0 0 264160 6624384 264160 0 0 0 0 0 14064 264160 14064 0 0 0 0 0 0 0 0 0 0 0 0 0 264160 6624384 264160 0 0 0 0 0 6624384 0 6624384 0 0 0 0 0 264160 6624384 264160 0 0 0 0 0 0 0 0 0 0 0 0 0 14064 264160 14064 0 0 0 0 0 264160 6624384 264160 0 0 0 0 0 14064 264160 14064 0 0 0
0 0 0 0 0 0 0 0 0 0 0 0 0 0 0 0 0 0 0 0 0 0 0 0 0 0 0 0 0 0 0 0 0 0 0 0 0 0 0 0 0 0 0 14064 264160 14064 0 0 0 0 0 264160 6624384 264160 0 0 0 0 0 14064 264160 14064 0 0 0 0 0 0 0 0 0 0 0 0 0 264160 6624384 264160 0 0 0 0 0 6624384 0 6624384 0 0 0 0 0 264160 6624384 264160 0 0 0 0 0 0 0 0 0 0 0 0 0 14064 264160 14064 0 0 0 0 0 264160 6624384 264160 0 0 0 0 0 14064 264160 14064 0 0
0 0 0 0 0 0 0 0 0 0 0 0 0 0 0 0 0 0 0 0 0 0 0 0 0 0 0 0 0 0 0 0 0 0 0 0 0 0 0 0 0 0 0 0 14064 264160 14064 0 0 0 0 0 264160 6624384 264160 0 0 0 0 0 14064 264160 14064 0 0 0 0 0 0 0 0 0 0 0 0 0 264160 6624384 264160 0 0 0 0 0 6624384 0 6624384 0 0 0 0 0 264160 6624384 264160 0 0 0 0 0 0 0 0 0 0 0 0 0 14064 264160 14064 0 0 0 0 0 264160 6624384 264160 0 0 0 0 0 14064 264160 14064 0
0 0 0 0 0 0 0 0 0 0 0 0 0 0 0 0 0 0 0 0 0 0 0 0 0 0 0 0 0 0 0 0 0 0 0 0 0 0 0 0 0 0 0 0 0 14064 264160 14064 0 0 0 0 0 264160 6624384 264160 0 0 0 0 0 14064 264160 14064 0 0 0 0 0 0 0 0 0 0 0 0 0 264160 6624384 264160 0 0 0 0 0 6624384 0 6624384 0 0 0 0 0 264160 6624384 264160 0 0 0 0 0 0 0 0 0 0 0 0 0 14064 264160 14064 0 0 0 0 0 264160 6624384 264160 0 0 0 0 0 14064 264160 14064
0 0 0 0 0 0 0 0 0 0 0 0 0 0 0 0 0 0 0 0 0 0 0 0 0 0 0 0 0 0 0 0 0 0 0 0 0 0 0 0 0 0 0 0 0 0 14064 264160 0 0 0 0 0 0 264160 6624384 0 0 0 0 0 0 14064 264160 0 0 0 0 0 0 0 0 0 0 0 0 0 0 264160 6624384 0 0 0 0 0 0 6624384 0 0 0 0 0 0 0 264160 6624384 0 0 0 0 0 0 0 0 0 0 0 0 0 0 14064 264160 0 0 0 0 0 0 264160 6624384 0 0 0 0 0 0 14064 264160
0 0 0 0 0 0 0 0 0 0 0 0 0 0 0 0 0 0 0 0 0 0 0 0 0 0 0 0 0 0 0 0 0 0 0 0 0 0 0 0 0 0 0 0 0 0 0 0 264160 14064 0 0 0 0 0 0 6624384 264160 0 0 0 0 0 0 0 0 0 0 0 0 0 0 0 0 0 0 0 0 0 0 6624384 264160 0 0 0 0 0 0 0 6624384 0 0 0 0 0 0 0 0 0 0 0 0 0 0 0 0 0 0 0 0 0 0 264160 14064 0 0 0 0 0 0 6624384 264160 0 0 0 0 0 0
0 0 0 0 0 0 0 0 0 0 0 0 0 0 0 0 0 0 0 0 0 0 0 0 0 0 0 0 0 0 0 0 0 0 0 0 0 0 0 0 0 0 0 0 0 0 0 0 14064 264160 14064 0 0 0 0 0 264160 6624384 264160 0 0 0 0 0 0 0 0 0 0 0 0 0 0 0 0 0 0 0 0 0 264160 6624384 264160 0 0 0 0 0 6624384 0 6624384 0 0 0 0 0 0 0 0 0 0 0 0 0 0 0 0 0 0 0 0 0 14064 264160 14064 0 0 0 0 0 264160 6624384 264160 0 0 0 0 0
0 0 0 0 0 0 0 0 0 0 0 0 0 0 0 0 0 0 0 0 0 0 0 0 0 0 0 0 0 0 0 0 0 0 0 0 0 0 0 0 0 0 0 0 0 0 0 0 0 14064 264160 14064 0 0 0 0 0 264160 6624384 264160 0 0 0 0 0 0 0 0 0 0 0 0 0 0 0 0 0 0 0 0 0 264160 6624384 264160 0 0 0 0 0 6624384 0 6624384 0 0 0 0 0 0 0 0 0 0 0 0 0 0 0 0 0 0 0 0 0 14064 264160 14064 0 0 0 0 0 264160 6624384 264160 0 0 0 0
0 0 0 0 0 0 0 0 0 0 0 0 0 0 0 0 0 0 0 0 0 0 0 0 0 0 0 0 0 0 0 0 0 0 0 0 0 0 0 0 0 0 0 0 0 0 0 0 0 0 14064 264160 14064 0 0 0 0 0 264160 6624384 264160 0 0 0 0 0 0 0 0 0 0 0 0 0 0 0 0 0 0 0 0 0 264160 6624384 264160 0 0 0 0 0 6624384 0 6624384 0 0 0 0 0 0 0 0 0 0 0 0 0 0 0 0 0 0 0 0 0 14064 264160 14064 0 0 0 0 0 264160 6624384 264160 0 0 0
0 0 0 0 0 0 0 0 0 0 0 0 0 0 0 0 0 0 0 0 0 0 0 0 0 0 0 0 0 0 0 0 0 0 0 0 0 0 0 0 0 0 0 0 0 0 0 0 0 0 0 14064 264160 14064 0 0 0 0 0 264160 6624384 264160 0 0 0 0 0 0 0 0 0 0 0 0 0 0 0 0 0 0 0 0 0 264160 6624384 264160 0 0 0 0 0 6624384 0 6624384 0 0 0 0 0 0 0 0 0 0 0 0 0 0 0 0 0 0 0 0 0 14064 264160 14064 0 0 0 0 0 264160 6624384 264160 0 0
0 0 0 0 0 0 0 0 0 0 0 0 0 0 0 0 0 0 0 0 0 0 0 0 0 0 0 0 0 0 0 0 0 0 0 0 0 0 0 0 0 0 0 0 0 0 0 0 0 0 0 0 14064 264160 14064 0 0 0 0 0 264160 6624384 264160 0 0 0 0 0 0 0 0 0 0 0 0 0 0 0 0 0 0 0 0 0 264160 6624384 264160 0 0 0 0 0 6624384 0 6624384 0 0 0 0 0 0 0 0 0 0 0 0 0 0 0 0 0 0 0 0 0 14064 264160 14064 0 0 0 0 0 264160 6624384 264160 0
0 0 0 0 0 0 0 0 0 0 0 0 0 0 0 0 0 0 0 0 0 0 0 0 0 0 0 0 0 0 0 0 0 0 0 0 0 0 0 0 0 0 0 0 0 0 0 0 0 0 0 0 0 14064 264160 14064 0 0 0 0 0 264160 6624384 264160 0 0 0 0 0 0 0 0 0 0 0 0 0 0 0 0 0 0 0 0 0 264160 6624384 264160 0 0 0 0 0 6624384 0 6624384 0 0 0 0 0 0 0 0 0 0 0 0 0 0 0 0 0 0 0 0 0 14064 264160 14064 0 0 0 0 0 264160 6624384 264160
0 0 0 0 0 0 0 0 0 0 0 0 0 0 0 0 0 0 0 0 0 0 0 0 0 0 0 0 0 0 0 0 0 0 0 0 0 0 0 0 0 0 0 0 0 0 0 0 0 0 0 0 0 0 14064 264160 0 0 0 0 0 0 264160 6624384 0 0 0 0 0 0 0 0 0 0 0 0 0 0 0 0 0 0 0 0 0 0 264160 6624384 0 0 0 0 0 0 6624384 0 0 0 0 0 0 0 0 0 0 0 0 0 0 0 0 0 0 0 0 0 0 0 14064 264160 0 0 0 0 0 0 264160 6624384
0 0 0 0 0 0 0 0 0 0 0 0 0 0 0 0 0 0 0 0 0 0 0 0 0 0 0 0 0 0 0 0 0 0 0 0 0 0 0 0 0 0 0 0 0 0 0 0 0 0 0 0 0 0 0 0 0 0 0 0 0 0 0 0 6624384 264160 0 0 0 0 0 0 264160 14064 0 0 0 0 0 0 0 0 0 0 0 0 0 0 0 0 0 0 0 0 0 0 0 6624384 0 0 0 0 0 0 6624384 264160 0 0 0 0 0 0 0 0 0 0 0 0 0 0 0 0 0 0 0 0 0 0
0 0 0 0 0 0 0 0 0 0 0 0 0 0 0 0 0 0 0 0 0 0 0 0 0 0 0 0 0 0 0 0 0 0 0 0 0 0 0 0 0 0 0 0 0 0 0 0 0 0 0 0 0 0 0 0 0 0 0 0 0 0 0 0 264160 6624384 264160 0 0 0 0 0 14064 264160 14064 0 0 0 0 0 0 0 0 0 0 0 0 0 0 0 0 0 0 0 0 0 6624384 0 6624384 0 0 0 0 0 264160 6624384 264160 0 0 0 0 0 0 0 0 0 0 0 0 0 0 0 0 0 0 0 0 0
0 0 0 0 0 0 0 0 0 0 0 0 0 0 0 0 0 0 0 0 0 0 0 0 0 0 0 0 0 0 0 0 0 0 0 0 0 0 0 0 0 0 0 0 0 0 0 0 0 0 0 0 0 0 0 0 0 0 0 0 0 0 0 0 0 264160 6624384 264160 0 0 0 0 0 14064 264160 14064 0 0 0 0 0 0 0 0 0 0 0 0 0 0 0 0 0 0 0 0 0 6624384 0 6624384 0 0 0 0 0 264160 6624384 264160 0 0 0 0 0 0 0 0 0 0 0 0 0 0 0 0 0 0 0 0
0 0 0 0 0 0 0 0 0 0 0 0 0 0 0 0 0 0 0 0 0 0 0 0 0 0 0 0 0 0 0 0 0 0 0 0 0 0 0 0 0 0 0 0 0 0 0 0 0 0 0 0 0 0 0 0 0 0 0 0 0 0 0 0 0 0 264160 6624384 264160 0 0 0 0 0 14064 264160 14064 0 0 0 0 0 0 0 0 0 0 0 0 0 0 0 0 0 0 0 0 0 6624384 0 6624384 0 0 0 0 0 264160 6624384 264160 0 0 0 0 0 0 0 0 0 0 0 0 0 0 0 0 0 0 0
0 0 0 0 0 0 0 0 0 0 0 0 0 0 0 0 0 0 0 0 0 0 0 0 0 0 0 0 0 0 0 0 0 0 0 0 0 0 0 0 0 0 0 0 0 0 0 0 0 0 0 0 0 0 0 0 0 0 0 0 0 0 0 0 0 0 0 264160 6624384 264160 0 0 0 0 0 14064 264160 14064 0 0 0 0 0 0 0 0 0 0 0 0 0 0 0 0 0 0 0 0 0 6624384 0 6624384 0 0 0 0 0 264160 6624384 264160 0 0 0 0 0 0 0 0 0 0 0 0 0 0 0 0 0 0
0 0 0 0 0 0 0 0 0 0 0 0 0 0 0 0 0 0 0 0 0 0 0 0 0 0 0 0 0 0 0 0 0 0 0 0 0 0 0 0 0 0 0 0 0 0 0 0 0 0 0 0 0 0 0 0 0 0 0 0 0 0 0 0 0 0 0 0 264160 6624384 264160 0 0 0 0 0 14064 264160 14064 0 0 0 0 0 0 0 0 0 0 0 0 0 0 0 0 0 0 0 0 0 6624384 0 6624384 0 0 0 0 0 264160 6624384 264160 0 0 0 0 0 0 0 0 0 0 0 0 0 0 0 0 0
0 0 0 0 0 0 0 0 0 0 0 0 0 0 0 0 0 0 0 0 0 0 0 0 0 0 0 0 0 0 0 0 0 0 0 0 0 0 0 0 0 0 0 0 0 0 0 0 0 0 0 0 0 0 0 0 0 0 0 0 0 0 0 0 0 0 0 0 0 264160 6624384 264160 0 0 0 0 0 14064 264160 14064 0 0 0 0 0 0 0 0 0 0 0 0 0 0 0 0 0 0 0 0 0 6624384 0 6624384 0 0 0 0 0 264160 6624384 264160 0 0 0 0 0 0 0 0 0 0 0 0 0 0 0 0
0 0 0 0 0 0 0 0 0 0 0 0 0 0 0 0 0 0 0 0 0 0 0 0 0 0 0 0 0 0 0 0 0 0 0 0 0 0 0 0 0 0 0 0 0 0 0 0 0 0 0 0 0 0 0 0 0 0 0 0 0 0 0 0 0 0 0 0 0 0 264160 6624384 0 0 0 0 0 0 14064 264160 0 0 0 0 0 0 0 0 0 0 0 0 0 0 0 0 0 0 0 0 0 0 6624384 0 0 0 0 0 0 0 264160 6624384 0 0 0 0 0 0 0 0 0 0 0 0 0 0 0 0
0 0 0 0 0 0 0 0 0 0 0 0 0 0 0 0 0 0 0 0 0 0 0 0 0 0 0 0 0 0 0 0 0 0 0 0 0 0 0 0 0 0 0 0 0 0 0 0 0 0 0 0 0 0 0 0 0 0 0 0 0 0 0 0 264160 14064 0 0 0 0 0 0 6624384 264160 0 0 0 0 0 0 264160 14064 0 0 0 0 0 0 0 0 0 0 0 0 0 0 6624384 264160 0 0 0 0 0 0 0 6624384 0 0 0 0 0 0 6624384 264160 0 0 0 0 0 0 0 0 0 0 0 0 0 0
0 0 0 0 0 0 0 0 0 0 0 0 0 0 0 0 0 0 0 0 0 0 0 0 0 0 0 0 0 0 0 0 0 0 0 0 0 0 0 0 0 0 0 0 0 0 0 0 0 0 0 0 0 0 0 0 0 0 0 0 0 0 0 0 14064 264160 14064 0 0 0 0 0 264160 6624384 264160 0 0 0 0 0 14064 264160 14064 0 0 0 0 0 0 0 0 0 0 0 0 0 264160 6624384 264160 0 0 0 0 0 6624384 0 6624384 0 0 0 0 0 264160 6624384 264160 0 0 0 0 0 0 0 0 0 0 0 0 0
0 0 0 0 0 0 0 0 0 0 0 0 0 0 0 0 0 0 0 0 0 0 0 0 0 0 0 0 0 0 0 0 0 0 0 0 0 0 0 0 0 0 0 0 0 0 0 0 0 0 0 0 0 0 0 0 0 0 0 0 0 0 0 0 0 14064 264160 14064 0 0 0 0 0 264160 6624384 264160 0 0 0 0 0 14064 264160 14064 0 0 0 0 0 0 0 0 0 0 0 0 0 264160 6624384 264160 0 0 0 0 0 6624384 0 6624384 0 0 0 0 0 264160 6624384 264160 0 0 0 0 0 0 0 0 0 0 0 0
0 0 0 0 0 0 0 0 0 0 0 0 0 0 0 0 0 0 0 0 0 0 0 0 0 0 0 0 0 0 0 0 0 0 0 0 0 0 0 0 0 0 0 0 0 0 0 0 0 0 0 0 0 0 0 0 0 0 0 0 0 0 0 0 0 0 14064 264160 14064 0 0 0 0 0 264160 6624384 264160 0 0 0 0 0 14064 264160 14064 0 0 0 0 0 0 0 0 0 0 0 0 0 264160 6624384 264160 0 0 0 0 0 6624384 0 6624384 0 0 0 0 0 264160 6624384 264160 0 0 0 0 0 0 0 0 0 0 0
0 0 0 0 0 0 0 0 0 0 0 0 0 0 0 0 0 0 0 0 0 0 0 0 0 0 0 0 0 0 0 0 0 0 0 0 0 0 0 0 0 0 0 0 0 0 0 0 0 0 0 0 0 0 0 0 0 0 0 0 0 0 0 0 0 0 0 14064 264160 14064 0 0 0 0 0 264160 6624384 264160 0 0 0 0 0 14064 264160 14064 0 0 0 0 0 0 0 0 0 0 0 0 0 264160 6624384 264160 0 0 0 0 0 6624384 0 6624384 0 0 0 0 0 264160 6624384 264160 0 0 0 0 0 0 0 0 0 0
0 0 0 0 0 0 0 0 0 0 0 0 0 0 0 0 0 0 0 0 0 0 0 0 0 0 0 0 0 0 0 0 0 0 0 0 0 0 0 0 0 0 0 0 0 0 0 0 0 0 0 0 0 0 0 0 0 0 0 0 0 0 0 0 0 0 0 0 14064 264160 14064 0 0 0 0 0 264160 6624384 264160 0 0 0 0 0 14064 264160 14064 0 0 0 0 0 0 0 0 0 0 0 0 0 264160 6624384 264160 0 0 0 0 0 6624384 0 6624384 0 0 0 0 0 264160 6624384 264160 0 0 0 0 0 0 0 0 0
0 0 0 0 0 0 0 0 0 0 0 0 0 0 0 0 0 0 0 0 0 0 0 0 0 0 0 0 0 0 0 0 0 0 0 0 0 0 0 0 0 0 0 0 0 0 0 0 0 0 0 0 0 0 0 0 0 0 0 0 0 0 0 0 0 0 0 0 0 14064 264160 14064 0 0 0 0 0 264160 6624384 264160 0 0 0 0 0 14064 264160 14064 0 0 0 0 0 0 0 0 0 0 0 0 0 264160 6624384 264160 0 0 0 0 0 6624384 0 6624384 0 0 0 0 0 264160 6624384 264160 0 0 0 0 0 0 0 0
0 0 0 0 0 0 0 0 0 0 0 0 0 0 0 0 0 0 0 0 0 0 0 0 0 0 0 0 0 0 0 0 0 0 0 0 0 0 0 0 0 0 0 0 0 0 0 0 0 0 0 0 0 0 0 0 0 0 0 0 0 0 0 0 0 0 0 0 0 0 14064 264160 0 0 0 0 0 0 264160 6624384 0 0 0 0 0 0 14064 264160 0 0 0 0 0 0 0 0 0 0 0 0 0 0 264160 6624384 0 0 0 0 0 0 6624384 0 0 0 0 0 0 0 264160 6624384 0 0 0 0 0 0 0 0
0 0 0 0 0 0 0 0 0 0 0 0 0 0 0 0 0 0 0 0 0 0 0 0 0 0 0 0 0 0 0 0 0 0 0 0 0 0 0 0 0 0 0 0 0 0 0 0 0 0 0 0 0 0 0 0 0 0 0 0 0 0 0 0 0 0 0 0 0 0 0 0 264160 14064 0 0 0 0 0 0 6624384 264160 0 0 0 0 0 0 264160 14064 0 0 0 0 0 0 0 0 0 0 0 0 0 0 6624384 264160 0 0 0 0 0 0 0 6624384 0 0 0 0 0 0 6624384 264160 0 0 0 0 0 0
0 0 0 0 0 0 0 0 0 0 0 0 0 0 0 0 0 0 0 0 0 0 0 0 0 0 0 0 0 0 0 0 0 0 0 0 0 0 0 0 0 0 0 0 0 0 0 0 0 0 0 0 0 0 0 0 0 0 0 0 0 0 0 0 0 0 0 0 0 0 0 0 14064 264160 14064 0 0 0 0 0 264160 6624384 264160 0 0 0 0 0 14064 264160 14064 0 0 0 0 0 0 0 0 0 0 0 0 0 264160 6624384 264160 0 0 0 0 0 6624384 0 6624384 0 0 0 0 0 264160 6624384 264160 0 0 0 0 0
0 0 0 0 0 0 0 0 0 0 0 0 0 0 0 0 0 0 0 0 0 0 0 0 0 0 0 0 0 0 0 0 0 0 0 0 0 0 0 0 0 0 0 0 0 0 0 0 0 0 0 0 0 0 0 0 0 0 0 0 0 0 0 0 0 0 0 0 0 0 0 0 0 14064 264160 14064 0 0 0 0 0 264160 6624384 264160 0 0 0 0 0 14064 264160 14064 0 0 0 0 0 0 0 0 0 0 0 0 0 264160 6624384 264160 0 0 0 0 0 6624384 0 6624384 0 0 0 0 0 264160 6624384 264160 0 0 0 0
0 0 0 0 0 0 0 0 0 0 0 0 0 0 0 0 0 0 0 0 0 0 0 0 0 0 0 0 0 0 0 0 0 0 0 0 0 0 0 0 0 0 0 0 0 0 0 0 0 0 0 0 0 0 0 0 0 0 0 0 0 0 0 0 0 0 0 0 0 0 0 0 0 0 14064 264160 14064 0 0 0 0 0 264160 6624384 264160 0 0 0 0 0 14064 264160 14064 0 0 0 0 0 0 0 0 0 0 0 0 0 264160 6624384 264160 0 0 0 0 0 6624384 0 6624384 0 0 0 0 0 264160 6624384 264160 0 0 0
0 0 0 0 0 0 0 0 0 0 0 0 0 0 0 0 0 0 0 0 0 0 0 0 0 0 0 0 0 0 0 0 0 0 0 0 0 0 0 0 0 0 0 0 0 0 0 0 0 0 0 0 0 0 0 0 0 0 0 0 0 0 0 0 0 0 0 0 0 0 0 0 0 0 0 14064 264160 14064 0 0 0 0 0 264160 6624384 264160 0 0 0 0 0 14064 264160 14064 0 0 0 0 0 0 0 0 0 0 0 0 0 264160 6624384 264160 0 0 0 0 0 6624384 0 6624384 0 0 0 0 0 264160 6624384 264160 0 0
0 0 0 0 0 0 0 0 0 0 0 0 0 0 0 0 0 0 0 0 0 0 0 0 0 0 0 0 0 0 0 0 0 0 0 0 0 0 0 0 0 0 0 0 0 0 0 0 0 0 0 0 0 0 0 0 0 0 0 0 0 0 0 0 0 0 0 0 0 0 0 0 0 0 0 0 14064 264160 14064 0 0 0 0 0 264160 6624384 264160 0 0 0 0 0 14064 264160 14064 0 0 0 0 0 0 0 0 0 0 0 0 0 264160 6624384 264160 0 0 0 0 0 6624384 0 6624384 0 0 0 0 0 264160 6624384 264160 0
0 0 0 0 0 0 0 0 0 0 0 0 0 0 0 0 0 0 0 0 0 0 0 0 0 0 0 0 0 0 0 0 0 0 0 0 0 0 0 0 0 0 0 0 0 0 0 0 0 0 0 0 0 0 0 0 0 0 0 0 0 0 0 0 0 0 0 0 0 0 0 0 0 0 0 0 0 14064 264160 14064 0 0 0 0 0 264160 6624384 264160 0 0 0 0 0 14064 264160 14064 0 0 0 0 0 0 0 0 0 0 0 0 0 264160 6624384 264160 0 0 0 0 0 6624384 0 6624384 0 0 0 0 0 264160 6624384 264160
0 0 0 0 0 0 0 0 0 0 0 0 0 0 0 0 0 0 0 0 0 0 0 0 0 0 0 0 0 0 0 0 0 0 0 0 0 0 0 0 0 0 0 0 0 0 0 0 0 0 0 0 0 0 0 0 0 0 0 0 0 0 0 0 0 0 0 0 0 0 0 0 0 0 0 0 0 0 14064 264160 0 0 0 0 0 0 264160 6624384 0 0 0 0 0 0 14064 264160 0 0 0 0 0 0 0 0 0 0 0 0 0 0 264160 6624384 0 0 0 0 0 0 6624384 0 0 0 0 0 0 0 264160 6624384
0 0 0 0 0 0 0 0 0 0 0 0 0 0 0 0 0 0 0 0 0 0 0 0 0 0 0 0 0 0 0 0 0 0 0 0 0 0 0 0 0 0 0 0 0 0 0 0 0 0 0 0 0 0 0 0 0 0 0 0 0 0 0 0 0 0 0 0 0 0 0 0 0 0 0 0 0 0 0 0 264160 14064 0 0 0 0 0 0 6624384 264160 0 0 0 0 0 0 0 0 0 0 0 0 0 0 0 0 0 0 0 0 0 0 6624384 264160 0 0 0 0 0 0 0 6624384 0 0 0 0 0 0
0 0 0 0 0 0 0 0 0 0 0 0 0 0 0 0 0 0 0 0 0 0 0 0 0 0 0 0 0 0 0 0 0 0 0 0 0 0 0 0 0 0 0 0 0 0 0 0 0 0 0 0 0 0 0 0 0 0 0 0 0 0 0 0 0 0 0 0 0 0 0 0 0 0 0 0 0 0 0 0 14064 264160 14064 0 0 0 0 0 264160 6624384 264160 0 0 0 0 0 0 0 0 0 0 0 0 0 0 0 0 0 0 0 0 0 264160 6624384 264160 0 0 0 0 0 6624384 0 6624384 0 0 0 0 0
0 0 0 0 0 0 0 0 0 0 0 0 0 0 0 0 0 0 0 0 0 0 0 0 0 0 0 0 0 0 0 0 0 0 0 0 0 0 0 0 0 0 0 0 0 0 0 0 0 0 0 0 0 0 0 0 0 0 0 0 0 0 0 0 0 0 0 0 0 0 0 0 0 0 0 0 0 0 0 0 0 14064 264160 14064 0 0 0 0 0 264160 6624384 264160 0 0 0 0 0 0 0 0 0 0 0 0 0 0 0 0 0 0 0 0 0 264160 6624384 264160 0 0 0 0 0 6624384 0 6624384 0 0 0 0
0 0 0 0 0 0 0 0 0 0 0 0 0 0 0 0 0 0 0 0 0 0 0 0 0 0 0 0 0 0 0 0 0 0 0 0 0 0 0 0 0 0 0 0 0 0 0 0 0 0 0 0 0 0 0 0 0 0 0 0 0 0 0 0 0 0 0 0 0 0 0 0 0 0 0 0 0 0 0 0 0 0 14064 264160 14064 0 0 0 0 0 264160 6624384 264160 0 0 0 0 0 0 0 0 0 0 0 0 0 0 0 0 0 0 0 0 0 264160 6624384 264160 0 0 0 0 0 6624384 0 6624384 0 0 0
0 0 0 0 0 0 0 0 0 0 0 0 0 0 0 0 0 0 0 0 0 0 0 0 0 0 0 0 0 0 0 0 0 0 0 0 0 0 0 0 0 0 0 0 0 0 0 0 0 0 0 0 0 0 0 0 0 0 0 0 0 0 0 0 0 0 0 0 0 0 0 0 0 0 0 0 0 0 0 0 0 0 0 14064 264160 14064 0 0 0 0 0 264160 6624384 264160 0 0 0 0 0 0 0 0 0 0 0 0 0 0 0 0 0 0 0 0 0 264160 6624384 264160 0 0 0 0 0 6624384 0 6624384 0 0
0 0 0 0 0 0 0 0 0 0 0 0 0 0 0 0 0 0 0 0 0 0 0 0 0 0 0 0 0 0 0 0 0 0 0 0 0 0 0 0 0 0 0 0 0 0 0 0 0 0 0 0 0 0 0 0 0 0 0 0 0 0 0 0 0 0 0 0 0 0 0 0 0 0 0 0 0 0 0 0 0 0 0 0 14064 264160 14064 0 0 0 0 0 264160 6624384 264160 0 0 0 0 0 0 0 0 0 0 0 0 0 0 0 0 0 0 0 0 0 264160 6624384 264160 0 0 0 0 0 6624384 0 6624384 0
0 0 0 0 0 0 0 0 0 0 0 0 0 0 0 0 0 0 0 0 0 0 0 0 0 0 0 0 0 0 0 0 0 0 0 0 0 0 0 0 0 0 0 0 0 0 0 0 0 0 0 0 0 0 0 0 0 0 0 0 0 0 0 0 0 0 0 0 0 0 0 0 0 0 0 0 0 0 0 0 0 0 0 0 0 14064 264160 14064 0 0 0 0 0 264160 6624384 264160 0 0 0 0 0 0 0 0 0 0 0 0 0 0 0 0 0 0 0 0 0 264160 6624384 264160 0 0 0 0 0 6624384 0 6624384
0 0 0 0 0 0 0 0 0 0 0 0 0 0 0 0 0 0 0 0 0 0 0 0 0 0 0 0 0 0 0 0 0 0 0 0 0 0 0 0 0 0 0 0 0 0 0 0 0 0 0 0 0 0 0 0 0 0 0 0 0 0 0 0 0 0 0 0 0 0 0 0 0 0 0 0 0 0 0 0 0 0 0 0 0 0 14064 264160 0 0 0 0 0 0 264160 6624384 0 0 0 0 0 0 0 0 0 0 0 0 0 0 0 0 0 0 0 0 0 0 264160 6624384 0 0 0 0 0 0 6624384 0
