0 171376 0 171376 201408 0 0 0 0 0 0 0 201408 0 0 0 478752 0 0 0 0 0 0 0 0 0 0 0 0 0 0 0 0 0 0 0 0 0 0 0 0 0 0 0 0 0 0 0 0 0 0 0 0 0 0 0 0 0 0 0 0 0 0 0 0 0 0 0 0 0 0 0 0 0 0 0 0 0 0 0 0 0 0 0 0 0 0 0 0 0 0 0 0 0 0 0 0 0 0 0 0 0 0 0 0 0 0 0 0 0 0 0 478752 0 0 0 0 0 0 0 0 0 0 0 0 0 0 0
173344 0 175312 0 0 201408 0 0 0 0 0 0 0 201408 0 0 0 478752 0 0 0 0 0 0 0 0 0 0 0 0 0 0 0 0 0 0 0 0 0 0 0 0 0 0 0 0 0 0 0 0 0 0 0 0 0 0 0 0 0 0 0 0 0 0 0 0 0 0 0 0 0 0 0 0 0 0 0 0 0 0 0 0 0 0 0 0 0 0 0 0 0 0 0 0 0 0 0 0 0 0 0 0 0 0 0 0 0 0 0 0 0 0 0 478752 0 0 0 0 0 0 0 0 0 0 0 0 0 0
0 171376 0 171376 0 0 201408 0 0 0 0 0 0 0 201408 0 0 0 478752 0 0 0 0 0 0 0 0 0 0 0 0 0 0 0 0 0 0 0 0 0 0 0 0 0 0 0 0 0 0 0 0 0 0 0 0 0 0 0 0 0 0 0 0 0 0 0 0 0 0 0 0 0 0 0 0 0 0 0 0 0 0 0 0 0 0 0 0 0 0 0 0 0 0 0 0 0 0 0 0 0 0 0 0 0 0 0 0 0 0 0 0 0 0 0 478752 0 0 0 0 0 0 0 0 0 0 0 0 0
175312 0 173344 0 0 0 0 201408 0 0 0 0 0 0 0 201408 0 0 0 478752 0 0 0 0 0 0 0 0 0 0 0 0 0 0 0 0 0 0 0 0 0 0 0 0 0 0 0 0 0 0 0 0 0 0 0 0 0 0 0 0 0 0 0 0 0 0 0 0 0 0 0 0 0 0 0 0 0 0 0 0 0 0 0 0 0 0 0 0 0 0 0 0 0 0 0 0 0 0 0 0 0 0 0 0 0 0 0 0 0 0 0 0 0 0 0 478752 0 0 0 0 0 0 0 0 0 0 0 0
203376 0 0 0 0 171376 0 171376 205344 0 0 0 0 0 0 0 0 0 0 0 478752 0 0 0 0 0 0 0 0 0 0 0 0 0 0 0 0 0 0 0 0 0 0 0 0 0 0 0 0 0 0 0 0 0 0 0 0 0 0 0 0 0 0 0 0 0 0 0 0 0 0 0 0 0 0 0 0 0 0 0 0 0 0 0 0 0 0 0 0 0 0 0 0 0 0 0 0 0 0 0 0 0 0 0 0 0 0 0 0 0 0 0 0 0 0 0 478752 0 0 0 0 0 0 0 0 0 0 0
0 203376 0 0 173344 0 175312 0 0 205344 0 0 0 0 0 0 0 0 0 0 0 478752 0 0 0 0 0 0 0 0 0 0 0 0 0 0 0 0 0 0 0 0 0 0 0 0 0 0 0 0 0 0 0 0 0 0 0 0 0 0 0 0 0 0 0 0 0 0 0 0 0 0 0 0 0 0 0 0 0 0 0 0 0 0 0 0 0 0 0 0 0 0 0 0 0 0 0 0 0 0 0 0 0 0 0 0 0 0 0 0 0 0 0 0 0 0 0 478752 0 0 0 0 0 0 0 0 0 0
0 0 203376 0 0 171376 0 171376 0 0 205344 0 0 0 0 0 0 0 0 0 0 0 478752 0 0 0 0 0 0 0 0 0 0 0 0 0 0 0 0 0 0 0 0 0 0 0 0 0 0 0 0 0 0 0 0 0 0 0 0 0 0 0 0 0 0 0 0 0 0 0 0 0 0 0 0 0 0 0 0 0 0 0 0 0 0 0 0 0 0 0 0 0 0 0 0 0 0 0 0 0 0 0 0 0 0 0 0 0 0 0 0 0 0 0 0 0 0 0 478752 0 0 0 0 0 0 0 0 0
0 0 0 203376 175312 0 173344 0 0 0 0 205344 0 0 0 0 0 0 0 0 0 0 0 478752 0 0 0 0 0 0 0 0 0 0 0 0 0 0 0 0 0 0 0 0 0 0 0 0 0 0 0 0 0 0 0 0 0 0 0 0 0 0 0 0 0 0 0 0 0 0 0 0 0 0 0 0 0 0 0 0 0 0 0 0 0 0 0 0 0 0 0 0 0 0 0 0 0 0 0 0 0 0 0 0 0 0 0 0 0 0 0 0 0 0 0 0 0 0 0 478752 0 0 0 0 0 0 0 0
0 0 0 0 201408 0 0 0 0 171376 0 171376 201408 0 0 0 0 0 0 0 0 0 0 0 478752 0 0 0 0 0 0 0 0 0 0 0 0 0 0 0 0 0 0 0 0 0 0 0 0 0 0 0 0 0 0 0 0 0 0 0 0 0 0 0 0 0 0 0 0 0 0 0 0 0 0 0 0 0 0 0 0 0 0 0 0 0 0 0 0 0 0 0 0 0 0 0 0 0 0 0 0 0 0 0 0 0 0 0 0 0 0 0 0 0 0 0 0 0 0 0 478752 0 0 0 0 0 0 0
0 0 0 0 0 201408 0 0 173344 0 175312 0 0 201408 0 0 0 0 0 0 0 0 0 0 0 478752 0 0 0 0 0 0 0 0 0 0 0 0 0 0 0 0 0 0 0 0 0 0 0 0 0 0 0 0 0 0 0 0 0 0 0 0 0 0 0 0 0 0 0 0 0 0 0 0 0 0 0 0 0 0 0 0 0 0 0 0 0 0 0 0 0 0 0 0 0 0 0 0 0 0 0 0 0 0 0 0 0 0 0 0 0 0 0 0 0 0 0 0 0 0 0 478752 0 0 0 0 0 0
0 0 0 0 0 0 201408 0 0 171376 0 171376 0 0 201408 0 0 0 0 0 0 0 0 0 0 0 478752 0 0 0 0 0 0 0 0 0 0 0 0 0 0 0 0 0 0 0 0 0 0 0 0 0 0 0 0 0 0 0 0 0 0 0 0 0 0 0 0 0 0 0 0 0 0 0 0 0 0 0 0 0 0 0 0 0 0 0 0 0 0 0 0 0 0 0 0 0 0 0 0 0 0 0 0 0 0 0 0 0 0 0 0 0 0 0 0 0 0 0 0 0 0 0 478752 0 0 0 0 0
0 0 0 0 0 0 0 201408 175312 0 173344 0 0 0 0 201408 0 0 0 0 0 0 0 0 0 0 0 478752 0 0 0 0 0 0 0 0 0 0 0 0 0 0 0 0 0 0 0 0 0 0 0 0 0 0 0 0 0 0 0 0 0 0 0 0 0 0 0 0 0 0 0 0 0 0 0 0 0 0 0 0 0 0 0 0 0 0 0 0 0 0 0 0 0 0 0 0 0 0 0 0 0 0 0 0 0 0 0 0 0 0 0 0 0 0 0 0 0 0 0 0 0 0 0 478752 0 0 0 0
205344 0 0 0 0 0 0 0 203376 0 0 0 0 171376 0 171376 0 0 0 0 0 0 0 0 0 0 0 0 478752 0 0 0 0 0 0 0 0 0 0 0 0 0 0 0 0 0 0 0 0 0 0 0 0 0 0 0 0 0 0 0 0 0 0 0 0 0 0 0 0 0 0 0 0 0 0 0 0 0 0 0 0 0 0 0 0 0 0 0 0 0 0 0 0 0 0 0 0 0 0 0 0 0 0 0 0 0 0 0 0 0 0 0 0 0 0 0 0 0 0 0 0 0 0 0 478752 0 0 0
0 205344 0 0 0 0 0 0 0 203376 0 0 173344 0 175312 0 0 0 0 0 0 0 0 0 0 0 0 0 0 478752 0 0 0 0 0 0 0 0 0 0 0 0 0 0 0 0 0 0 0 0 0 0 0 0 0 0 0 0 0 0 0 0 0 0 0 0 0 0 0 0 0 0 0 0 0 0 0 0 0 0 0 0 0 0 0 0 0 0 0 0 0 0 0 0 0 0 0 0 0 0 0 0 0 0 0 0 0 0 0 0 0 0 0 0 0 0 0 0 0 0 0 0 0 0 0 478752 0 0
0 0 205344 0 0 0 0 0 0 0 203376 0 0 171376 0 171376 0 0 0 0 0 0 0 0 0 0 0 0 0 0 478752 0 0 0 0 0 0 0 0 0 0 0 0 0 0 0 0 0 0 0 0 0 0 0 0 0 0 0 0 0 0 0 0 0 0 0 0 0 0 0 0 0 0 0 0 0 0 0 0 0 0 0 0 0 0 0 0 0 0 0 0 0 0 0 0 0 0 0 0 0 0 0 0 0 0 0 0 0 0 0 0 0 0 0 0 0 0 0 0 0 0 0 0 0 0 0 478752 0
0 0 0 205344 0 0 0 0 0 0 0 203376 175312 0 173344 0 0 0 0 0 0 0 0 0 0 0 0 0 0 0 0 478752 0 0 0 0 0 0 0 0 0 0 0 0 0 0 0 0 0 0 0 0 0 0 0 0 0 0 0 0 0 0 0 0 0 0 0 0 0 0 0 0 0 0 0 0 0 0 0 0 0 0 0 0 0 0 0 0 0 0 0 0 0 0 0 0 0 0 0 0 0 0 0 0 0 0 0 0 0 0 0 0 0 0 0 0 0 0 0 0 0 0 0 0 0 0 0 478752
484000 0 0 0 0 0 0 0 0 0 0 0 0 0 0 0 0 172360 0 172360 204360 0 0 0 0 0 0 0 204360 0 0 0 489248 0 0 0 0 0 0 0 0 0 0 0 0 0 0 0 8856 0 0 0 0 0 0 0 0 0 0 0 0 0 0 0 0 0 0 0 0 0 0 0 0 0 0 0 0 0 0 0 0 0 0 0 0 0 0 0 0 0 0 0 0 0 0 0 0 0 0 0 0 0 0 0 0 0 0 0 0 0 0 0 8856 0 0 0 0 0 0 0 0 0 0 0 0 0 0 0
0 484000 0 0 0 0 0 0 0 0 0 0 0 0 0 0 175312 0 178264 0 0 204360 0 0 0 0 0 0 0 204360 0 0 0 489248 0 0 0 0 0 0 0 0 0 0 0 0 0 0 0 8856 0 0 0 0 0 0 0 0 0 0 0 0 0 0 0 0 0 0 0 0 0 0 0 0 0 0 0 0 0 0 0 0 0 0 0 0 0 0 0 0 0 0 0 0 0 0 0 0 0 0 0 0 0 0 0 0 0 0 0 0 0 0 0 8856 0 0 0 0 0 0 0 0 0 0 0 0 0 0
0 0 484000 0 0 0 0 0 0 0 0 0 0 0 0 0 0 172360 0 172360 0 0 204360 0 0 0 0 0 0 0 204360 0 0 0 489248 0 0 0 0 0 0 0 0 0 0 0 0 0 0 0 8856 0 0 0 0 0 0 0 0 0 0 0 0 0 0 0 0 0 0 0 0 0 0 0 0 0 0 0 0 0 0 0 0 0 0 0 0 0 0 0 0 0 0 0 0 0 0 0 0 0 0 0 0 0 0 0 0 0 0 0 0 0 0 0 8856 0 0 0 0 0 0 0 0 0 0 0 0 0
0 0 0 484000 0 0 0 0 0 0 0 0 0 0 0 0 178264 0 175312 0 0 0 0 204360 0 0 0 0 0 0 0 204360 0 0 0 489248 0 0 0 0 0 0 0 0 0 0 0 0 0 0 0 8856 0 0 0 0 0 0 0 0 0 0 0 0 0 0 0 0 0 0 0 0 0 0 0 0 0 0 0 0 0 0 0 0 0 0 0 0 0 0 0 0 0 0 0 0 0 0 0 0 0 0 0 0 0 0 0 0 0 0 0 0 0 0 0 8856 0 0 0 0 0 0 0 0 0 0 0 0
0 0 0 0 484000 0 0 0 0 0 0 0 0 0 0 0 207312 0 0 0 0 172360 0 172360 210264 0 0 0 0 0 0 0 0 0 0 0 489248 0 0 0 0 0 0 0 0 0 0 0 0 0 0 0 8856 0 0 0 0 0 0 0 0 0 0 0 0 0 0 0 0 0 0 0 0 0 0 0 0 0 0 0 0 0 0 0 0 0 0 0 0 0 0 0 0 0 0 0 0 0 0 0 0 0 0 0 0 0 0 0 0 0 0 0 0 0 0 0 8856 0 0 0 0 0 0 0 0 0 0 0
0 0 0 0 0 484000 0 0 0 0 0 0 0 0 0 0 0 207312 0 0 175312 0 178264 0 0 210264 0 0 0 0 0 0 0 0 0 0 0 489248 0 0 0 0 0 0 0 0 0 0 0 0 0 0 0 8856 0 0 0 0 0 0 0 0 0 0 0 0 0 0 0 0 0 0 0 0 0 0 0 0 0 0 0 0 0 0 0 0 0 0 0 0 0 0 0 0 0 0 0 0 0 0 0 0 0 0 0 0 0 0 0 0 0 0 0 0 0 0 0 8856 0 0 0 0 0 0 0 0 0 0
0 0 0 0 0 0 484000 0 0 0 0 0 0 0 0 0 0 0 207312 0 0 172360 0 172360 0 0 210264 0 0 0 0 0 0 0 0 0 0 0 489248 0 0 0 0 0 0 0 0 0 0 0 0 0 0 0 8856 0 0 0 0 0 0 0 0 0 0 0 0 0 0 0 0 0 0 0 0 0 0 0 0 0 0 0 0 0 0 0 0 0 0 0 0 0 0 0 0 0 0 0 0 0 0 0 0 0 0 0 0 0 0 0 0 0 0 0 0 0 0 0 8856 0 0 0 0 0 0 0 0 0
0 0 0 0 0 0 0 484000 0 0 0 0 0 0 0 0 0 0 0 207312 178264 0 175312 0 0 0 0 210264 0 0 0 0 0 0 0 0 0 0 0 489248 0 0 0 0 0 0 0 0 0 0 0 0 0 0 0 8856 0 0 0 0 0 0 0 0 0 0 0 0 0 0 0 0 0 0 0 0 0 0 0 0 0 0 0 0 0 0 0 0 0 0 0 0 0 0 0 0 0 0 0 0 0 0 0 0 0 0 0 0 0 0 0 0 0 0 0 0 0 0 0 8856 0 0 0 0 0 0 0 0
0 0 0 0 0 0 0 0 484000 0 0 0 0 0 0 0 0 0 0 0 204360 0 0 0 0 172360 0 172360 204360 0 0 0 0 0 0 0 0 0 0 0 489248 0 0 0 0 0 0 0 0 0 0 0 0 0 0 0 8856 0 0 0 0 0 0 0 0 0 0 0 0 0 0 0 0 0 0 0 0 0 0 0 0 0 0 0 0 0 0 0 0 0 0 0 0 0 0 0 0 0 0 0 0 0 0 0 0 0 0 0 0 0 0 0 0 0 0 0 0 0 0 0 8856 0 0 0 0 0 0 0
0 0 0 0 0 0 0 0 0 484000 0 0 0 0 0 0 0 0 0 0 0 204360 0 0 175312 0 178264 0 0 204360 0 0 0 0 0 0 0 0 0 0 0 489248 0 0 0 0 0 0 0 0 0 0 0 0 0 0 0 8856 0 0 0 0 0 0 0 0 0 0 0 0 0 0 0 0 0 0 0 0 0 0 0 0 0 0 0 0 0 0 0 0 0 0 0 0 0 0 0 0 0 0 0 0 0 0 0 0 0 0 0 0 0 0 0 0 0 0 0 0 0 0 0 8856 0 0 0 0 0 0
0 0 0 0 0 0 0 0 0 0 484000 0 0 0 0 0 0 0 0 0 0 0 204360 0 0 172360 0 172360 0 0 204360 0 0 0 0 0 0 0 0 0 0 0 489248 0 0 0 0 0 0 0 0 0 0 0 0 0 0 0 8856 0 0 0 0 0 0 0 0 0 0 0 0 0 0 0 0 0 0 0 0 0 0 0 0 0 0 0 0 0 0 0 0 0 0 0 0 0 0 0 0 0 0 0 0 0 0 0 0 0 0 0 0 0 0 0 0 0 0 0 0 0 0 0 8856 0 0 0 0 0
0 0 0 0 0 0 0 0 0 0 0 484000 0 0 0 0 0 0 0 0 0 0 0 204360 178264 0 175312 0 0 0 0 204360 0 0 0 0 0 0 0 0 0 0 0 489248 0 0 0 0 0 0 0 0 0 0 0 0 0 0 0 8856 0 0 0 0 0 0 0 0 0 0 0 0 0 0 0 0 0 0 0 0 0 0 0 0 0 0 0 0 0 0 0 0 0 0 0 0 0 0 0 0 0 0 0 0 0 0 0 0 0 0 0 0 0 0 0 0 0 0 0 0 0 0 0 8856 0 0 0 0
0 0 0 0 0 0 0 0 0 0 0 0 484000 0 0 0 210264 0 0 0 0 0 0 0 207312 0 0 0 0 172360 0 172360 0 0 0 0 0 0 0 0 0 0 0 0 489248 0 0 0 0 0 0 0 0 0 0 0 0 0 0 0 8856 0 0 0 0 0 0 0 0 0 0 0 0 0 0 0 0 0 0 0 0 0 0 0 0 0 0 0 0 0 0 0 0 0 0 0 0 0 0 0 0 0 0 0 0 0 0 0 0 0 0 0 0 0 0 0 0 0 0 0 0 0 0 0 8856 0 0 0
0 0 0 0 0 0 0 0 0 0 0 0 0 484000 0 0 0 210264 0 0 0 0 0 0 0 207312 0 0 175312 0 178264 0 0 0 0 0 0 0 0 0 0 0 0 0 0 489248 0 0 0 0 0 0 0 0 0 0 0 0 0 0 0 8856 0 0 0 0 0 0 0 0 0 0 0 0 0 0 0 0 0 0 0 0 0 0 0 0 0 0 0 0 0 0 0 0 0 0 0 0 0 0 0 0 0 0 0 0 0 0 0 0 0 0 0 0 0 0 0 0 0 0 0 0 0 0 0 8856 0 0
0 0 0 0 0 0 0 0 0 0 0 0 0 0 484000 0 0 0 210264 0 0 0 0 0 0 0 207312 0 0 172360 0 172360 0 0 0 0 0 0 0 0 0 0 0 0 0 0 489248 0 0 0 0 0 0 0 0 0 0 0 0 0 0 0 8856 0 0 0 0 0 0 0 0 0 0 0 0 0 0 0 0 0 0 0 0 0 0 0 0 0 0 0 0 0 0 0 0 0 0 0 0 0 0 0 0 0 0 0 0 0 0 0 0 0 0 0 0 0 0 0 0 0 0 0 0 0 0 0 8856 0
0 0 0 0 0 0 0 0 0 0 0 0 0 0 0 484000 0 0 0 210264 0 0 0 0 0 0 0 207312 178264 0 175312 0 0 0 0 0 0 0 0 0 0 0 0 0 0 0 0 489248 0 0 0 0 0 0 0 0 0 0 0 0 0 0 0 8856 0 0 0 0 0 0 0 0 0 0 0 0 0 0 0 0 0 0 0 0 0 0 0 0 0 0 0 0 0 0 0 0 0 0 0 0 0 0 0 0 0 0 0 0 0 0 0 0 0 0 0 0 0 0 0 0 0 0 0 0 0 0 0 8856
0 0 0 0 0 0 0 0 0 0 0 0 0 0 0 0 478752 0 0 0 0 0 0 0 0 0 0 0 0 0 0 0 0 171376 0 171376 201408 0 0 0 0 0 0 0 201408 0 0 0 478752 0 0 0 0 0 0 0 0 0 0 0 0 0 0 0 0 0 0 0 0 0 0 0 0 0 0 0 0 0 0 0 0 0 0 0 0 0 0 0 0 0 0 0 0 0 0 0 0 0 0 0 0 0 0 0 0 0 0 0 0 0 0 0 0 0 0 0 0 0 0 0 0 0 0 0 0 0 0 0
0 0 0 0 0 0 0 0 0 0 0 0 0 0 0 0 0 478752 0 0 0 0 0 0 0 0 0 0 0 0 0 0 173344 0 175312 0 0 201408 0 0 0 0 0 0 0 201408 0 0 0 478752 0 0 0 0 0 0 0 0 0 0 0 0 0 0 0 0 0 0 0 0 0 0 0 0 0 0 0 0 0 0 0 0 0 0 0 0 0 0 0 0 0 0 0 0 0 0 0 0 0 0 0 0 0 0 0 0 0 0 0 0 0 0 0 0 0 0 0 0 0 0 0 0 0 0 0 0 0 0
0 0 0 0 0 0 0 0 0 0 0 0 0 0 0 0 0 0 478752 0 0 0 0 0 0 0 0 0 0 0 0 0 0 171376 0 171376 0 0 201408 0 0 0 0 0 0 0 201408 0 0 0 478752 0 0 0 0 0 0 0 0 0 0 0 0 0 0 0 0 0 0 0 0 0 0 0 0 0 0 0 0 0 0 0 0 0 0 0 0 0 0 0 0 0 0 0 0 0 0 0 0 0 0 0 0 0 0 0 0 0 0 0 0 0 0 0 0 0 0 0 0 0 0 0 0 0 0 0 0 0
0 0 0 0 0 0 0 0 0 0 0 0 0 0 0 0 0 0 0 478752 0 0 0 0 0 0 0 0 0 0 0 0 175312 0 173344 0 0 0 0 201408 0 0 0 0 0 0 0 201408 0 0 0 478752 0 0 0 0 0 0 0 0 0 0 0 0 0 0 0 0 0 0 0 0 0 0 0 0 0 0 0 0 0 0 0 0 0 0 0 0 0 0 0 0 0 0 0 0 0 0 0 0 0 0 0 0 0 0 0 0 0 0 0 0 0 0 0 0 0 0 0 0 0 0 0 0 0 0 0 0
0 0 0 0 0 0 0 0 0 0 0 0 0 0 0 0 0 0 0 0 478752 0 0 0 0 0 0 0 0 0 0 0 203376 0 0 0 0 171376 0 171376 205344 0 0 0 0 0 0 0 0 0 0 0 478752 0 0 0 0 0 0 0 0 0 0 0 0 0 0 0 0 0 0 0 0 0 0 0 0 0 0 0 0 0 0 0 0 0 0 0 0 0 0 0 0 0 0 0 0 0 0 0 0 0 0 0 0 0 0 0 0 0 0 0 0 0 0 0 0 0 0 0 0 0 0 0 0 0 0 0
0 0 0 0 0 0 0 0 0 0 0 0 0 0 0 0 0 0 0 0 0 478752 0 0 0 0 0 0 0 0 0 0 0 203376 0 0 173344 0 175312 0 0 205344 0 0 0 0 0 0 0 0 0 0 0 478752 0 0 0 0 0 0 0 0 0 0 0 0 0 0 0 0 0 0 0 0 0 0 0 0 0 0 0 0 0 0 0 0 0 0 0 0 0 0 0 0 0 0 0 0 0 0 0 0 0 0 0 0 0 0 0 0 0 0 0 0 0 0 0 0 0 0 0 0 0 0 0 0 0 0
0 0 0 0 0 0 0 0 0 0 0 0 0 0 0 0 0 0 0 0 0 0 478752 0 0 0 0 0 0 0 0 0 0 0 203376 0 0 171376 0 171376 0 0 205344 0 0 0 0 0 0 0 0 0 0 0 478752 0 0 0 0 0 0 0 0 0 0 0 0 0 0 0 0 0 0 0 0 0 0 0 0 0 0 0 0 0 0 0 0 0 0 0 0 0 0 0 0 0 0 0 0 0 0 0 0 0 0 0 0 0 0 0 0 0 0 0 0 0 0 0 0 0 0 0 0 0 0 0 0 0
0 0 0 0 0 0 0 0 0 0 0 0 0 0 0 0 0 0 0 0 0 0 0 478752 0 0 0 0 0 0 0 0 0 0 0 203376 175312 0 173344 0 0 0 0 205344 0 0 0 0 0 0 0 0 0 0 0 478752 0 0 0 0 0 0 0 0 0 0 0 0 0 0 0 0 0 0 0 0 0 0 0 0 0 0 0 0 0 0 0 0 0 0 0 0 0 0 0 0 0 0 0 0 0 0 0 0 0 0 0 0 0 0 0 0 0 0 0 0 0 0 0 0 0 0 0 0 0 0 0 0
0 0 0 0 0 0 0 0 0 0 0 0 0 0 0 0 0 0 0 0 0 0 0 0 478752 0 0 0 0 0 0 0 0 0 0 0 201408 0 0 0 0 171376 0 171376 201408 0 0 0 0 0 0 0 0 0 0 0 478752 0 0 0 0 0 0 0 0 0 0 0 0 0 0 0 0 0 0 0 0 0 0 0 0 0 0 0 0 0 0 0 0 0 0 0 0 0 0 0 0 0 0 0 0 0 0 0 0 0 0 0 0 0 0 0 0 0 0 0 0 0 0 0 0 0 0 0 0 0 0 0
0 0 0 0 0 0 0 0 0 0 0 0 0 0 0 0 0 0 0 0 0 0 0 0 0 478752 0 0 0 0 0 0 0 0 0 0 0 201408 0 0 173344 0 175312 0 0 201408 0 0 0 0 0 0 0 0 0 0 0 478752 0 0 0 0 0 0 0 0 0 0 0 0 0 0 0 0 0 0 0 0 0 0 0 0 0 0 0 0 0 0 0 0 0 0 0 0 0 0 0 0 0 0 0 0 0 0 0 0 0 0 0 0 0 0 0 0 0 0 0 0 0 0 0 0 0 0 0 0 0 0
0 0 0 0 0 0 0 0 0 0 0 0 0 0 0 0 0 0 0 0 0 0 0 0 0 0 478752 0 0 0 0 0 0 0 0 0 0 0 201408 0 0 171376 0 171376 0 0 201408 0 0 0 0 0 0 0 0 0 0 0 478752 0 0 0 0 0 0 0 0 0 0 0 0 0 0 0 0 0 0 0 0 0 0 0 0 0 0 0 0 0 0 0 0 0 0 0 0 0 0 0 0 0 0 0 0 0 0 0 0 0 0 0 0 0 0 0 0 0 0 0 0 0 0 0 0 0 0 0 0 0
0 0 0 0 0 0 0 0 0 0 0 0 0 0 0 0 0 0 0 0 0 0 0 0 0 0 0 478752 0 0 0 0 0 0 0 0 0 0 0 201408 175312 0 173344 0 0 0 0 201408 0 0 0 0 0 0 0 0 0 0 0 478752 0 0 0 0 0 0 0 0 0 0 0 0 0 0 0 0 0 0 0 0 0 0 0 0 0 0 0 0 0 0 0 0 0 0 0 0 0 0 0 0 0 0 0 0 0 0 0 0 0 0 0 0 0 0 0 0 0 0 0 0 0 0 0 0 0 0 0 0
0 0 0 0 0 0 0 0 0 0 0 0 0 0 0 0 0 0 0 0 0 0 0 0 0 0 0 0 478752 0 0 0 205344 0 0 0 0 0 0 0 203376 0 0 0 0 171376 0 171376 0 0 0 0 0 0 0 0 0 0 0 0 478752 0 0 0 0 0 0 0 0 0 0 0 0 0 0 0 0 0 0 0 0 0 0 0 0 0 0 0 0 0 0 0 0 0 0 0 0 0 0 0 0 0 0 0 0 0 0 0 0 0 0 0 0 0 0 0 0 0 0 0 0 0 0 0 0 0 0 0
0 0 0 0 0 0 0 0 0 0 0 0 0 0 0 0 0 0 0 0 0 0 0 0 0 0 0 0 0 478752 0 0 0 205344 0 0 0 0 0 0 0 203376 0 0 173344 0 175312 0 0 0 0 0 0 0 0 0 0 0 0 0 0 478752 0 0 0 0 0 0 0 0 0 0 0 0 0 0 0 0 0 0 0 0 0 0 0 0 0 0 0 0 0 0 0 0 0 0 0 0 0 0 0 0 0 0 0 0 0 0 0 0 0 0 0 0 0 0 0 0 0 0 0 0 0 0 0 0 0 0
0 0 0 0 0 0 0 0 0 0 0 0 0 0 0 0 0 0 0 0 0 0 0 0 0 0 0 0 0 0 478752 0 0 0 205344 0 0 0 0 0 0 0 203376 0 0 171376 0 171376 0 0 0 0 0 0 0 0 0 0 0 0 0 0 478752 0 0 0 0 0 0 0 0 0 0 0 0 0 0 0 0 0 0 0 0 0 0 0 0 0 0 0 0 0 0 0 0 0 0 0 0 0 0 0 0 0 0 0 0 0 0 0 0 0 0 0 0 0 0 0 0 0 0 0 0 0 0 0 0 0
0 0 0 0 0 0 0 0 0 0 0 0 0 0 0 0 0 0 0 0 0 0 0 0 0 0 0 0 0 0 0 478752 0 0 0 205344 0 0 0 0 0 0 0 203376 175312 0 173344 0 0 0 0 0 0 0 0 0 0 0 0 0 0 0 0 478752 0 0 0 0 0 0 0 0 0 0 0 0 0 0 0 0 0 0 0 0 0 0 0 0 0 0 0 0 0 0 0 0 0 0 0 0 0 0 0 0 0 0 0 0 0 0 0 0 0 0 0 0 0 0 0 0 0 0 0 0 0 0 0 0
0 0 0 0 0 0 0 0 0 0 0 0 0 0 0 0 11808 0 0 0 0 0 0 0 0 0 0 0 0 0 0 0 484000 0 0 0 0 0 0 0 0 0 0 0 0 0 0 0 0 172360 0 172360 204360 0 0 0 0 0 0 0 204360 0 0 0 489248 0 0 0 0 0 0 0 0 0 0 0 0 0 0 0 14760 0 0 0 0 0 0 0 0 0 0 0 0 0 0 0 0 0 0 0 0 0 0 0 0 0 0 0 0 0 0 0 0 0 0 0 0 0 0 0 0 0 0 0 0 0 0 0
0 0 0 0 0 0 0 0 0 0 0 0 0 0 0 0 0 11808 0 0 0 0 0 0 0 0 0 0 0 0 0 0 0 484000 0 0 0 0 0 0 0 0 0 0 0 0 0 0 175312 0 178264 0 0 204360 0 0 0 0 0 0 0 204360 0 0 0 489248 0 0 0 0 0 0 0 0 0 0 0 0 0 0 0 14760 0 0 0 0 0 0 0 0 0 0 0 0 0 0 0 0 0 0 0 0 0 0 0 0 0 0 0 0 0 0 0 0 0 0 0 0 0 0 0 0 0 0 0 0 0 0
0 0 0 0 0 0 0 0 0 0 0 0 0 0 0 0 0 0 11808 0 0 0 0 0 0 0 0 0 0 0 0 0 0 0 484000 0 0 0 0 0 0 0 0 0 0 0 0 0 0 172360 0 172360 0 0 204360 0 0 0 0 0 0 0 204360 0 0 0 489248 0 0 0 0 0 0 0 0 0 0 0 0 0 0 0 14760 0 0 0 0 0 0 0 0 0 0 0 0 0 0 0 0 0 0 0 0 0 0 0 0 0 0 0 0 0 0 0 0 0 0 0 0 0 0 0 0 0 0 0 0 0
0 0 0 0 0 0 0 0 0 0 0 0 0 0 0 0 0 0 0 11808 0 0 0 0 0 0 0 0 0 0 0 0 0 0 0 484000 0 0 0 0 0 0 0 0 0 0 0 0 178264 0 175312 0 0 0 0 204360 0 0 0 0 0 0 0 204360 0 0 0 489248 0 0 0 0 0 0 0 0 0 0 0 0 0 0 0 14760 0 0 0 0 0 0 0 0 0 0 0 0 0 0 0 0 0 0 0 0 0 0 0 0 0 0 0 0 0 0 0 0 0 0 0 0 0 0 0 0 0 0 0 0
0 0 0 0 0 0 0 0 0 0 0 0 0 0 0 0 0 0 0 0 11808 0 0 0 0 0 0 0 0 0 0 0 0 0 0 0 484000 0 0 0 0 0 0 0 0 0 0 0 207312 0 0 0 0 172360 0 172360 210264 0 0 0 0 0 0 0 0 0 0 0 489248 0 0 0 0 0 0 0 0 0 0 0 0 0 0 0 14760 0 0 0 0 0 0 0 0 0 0 0 0 0 0 0 0 0 0 0 0 0 0 0 0 0 0 0 0 0 0 0 0 0 0 0 0 0 0 0 0 0 0 0
0 0 0 0 0 0 0 0 0 0 0 0 0 0 0 0 0 0 0 0 0 11808 0 0 0 0 0 0 0 0 0 0 0 0 0 0 0 484000 0 0 0 0 0 0 0 0 0 0 0 207312 0 0 175312 0 178264 1312 0 210264 0 0 0 3936 0 0 0 0 0 0 0 489248 0 0 0 0 0 0 0 0 0 0 0 0 0 0 0 14760 0 0 0 0 0 0 0 0 0 0 0 0 0 0 0 0 0 0 0 0 0 0 0 0 0 0 0 0 0 0 0 11808 0 0 0 0 0 0 0 0 0 0
0 0 0 0 0 0 0 0 0 0 0 0 0 0 0 0 0 0 0 0 0 0 11808 0 0 0 0 0 0 0 0 0 0 0 0 0 0 0 484000 0 0 0 0 0 0 0 0 0 0 0 207312 0 0 172360 0 172360 0 0 210264 0 0 0 0 0 0 0 0 0 0 0 489248 0 0 0 0 0 0 0 0 0 0 0 0 0 0 0 14760 0 0 0 0 0 0 0 0 0 0 0 0 0 0 0 0 0 0 0 0 0 0 0 0 0 0 0 0 0 0 0 0 0 0 0 0 0 0 0 0 0
0 0 0 0 0 0 0 0 0 0 0 0 0 0 0 0 0 0 0 0 0 0 0 11808 0 0 0 0 0 0 0 0 0 0 0 0 0 0 0 484000 0 0 0 0 0 0 0 0 0 0 0 207312 178264 1312 175312 0 0 0 0 210264 0 0 0 3936 0 0 0 0 0 0 0 489248 0 0 0 0 0 0 0 0 0 0 0 0 0 0 0 14760 0 0 0 0 0 0 0 0 0 0 0 0 0 0 0 0 0 0 0 0 0 0 0 0 0 0 0 0 0 0 0 11808 0 0 0 0 0 0 0 0
0 0 0 0 0 0 0 0 0 0 0 0 0 0 0 0 0 0 0 0 0 0 0 0 11808 0 0 0 0 0 0 0 0 0 0 0 0 0 0 0 484000 0 0 0 0 0 0 0 0 0 0 0 204360 0 0 0 0 172360 0 172360 204360 0 0 0 0 0 0 0 0 0 0 0 489248 0 0 0 0 0 0 0 0 0 0 0 0 0 0 0 14760 0 0 0 0 0 0 0 0 0 0 0 0 0 0 0 0 0 0 0 0 0 0 0 0 0 0 0 0 0 0 0 0 0 0 0 0 0 0 0
0 0 0 0 0 0 0 0 0 0 0 0 0 0 0 0 0 0 0 0 0 0 0 0 0 11808 0 0 0 0 0 0 0 0 0 0 0 0 0 0 0 484000 0 0 0 0 0 0 0 0 0 0 0 204360 0 0 175312 0 178264 0 0 204360 0 0 0 0 0 0 0 0 0 0 0 489248 0 0 0 0 0 0 0 0 0 0 0 0 0 0 0 14760 0 0 0 0 0 0 0 0 0 0 0 0 0 0 0 0 0 0 0 0 0 0 0 0 0 0 0 0 0 0 0 0 0 0 0 0 0 0
0 0 0 0 0 0 0 0 0 0 0 0 0 0 0 0 0 0 0 0 0 0 0 0 0 0 11808 0 0 0 0 0 0 0 0 0 0 0 0 0 0 0 484000 0 0 0 0 0 0 0 0 0 0 0 204360 0 0 172360 0 172360 0 0 204360 0 0 0 0 0 0 0 0 0 0 0 489248 0 0 0 0 0 0 0 0 0 0 0 0 0 0 0 14760 0 0 0 0 0 0 0 0 0 0 0 0 0 0 0 0 0 0 0 0 0 0 0 0 0 0 0 0 0 0 0 0 0 0 0 0 0
0 0 0 0 0 0 0 0 0 0 0 0 0 0 0 0 0 0 0 0 0 0 0 0 0 0 0 11808 0 0 0 0 0 0 0 0 0 0 0 0 0 0 0 484000 0 0 0 0 0 0 0 0 0 0 0 204360 178264 0 175312 0 0 0 0 204360 0 0 0 0 0 0 0 0 0 0 0 489248 0 0 0 0 0 0 0 0 0 0 0 0 0 0 0 14760 0 0 0 0 0 0 0 0 0 0 0 0 0 0 0 0 0 0 0 0 0 0 0 0 0 0 0 0 0 0 0 0 0 0 0 0
0 0 0 0 0 0 0 0 0 0 0 0 0 0 0 0 0 0 0 0 0 0 0 0 0 0 0 0 11808 0 0 0 0 0 0 0 0 0 0 0 0 0 0 0 484000 0 0 0 210264 0 0 0 0 0 0 0 207312 0 0 0 0 172360 0 172360 0 0 0 0 0 0 0 0 0 0 0 0 489248 0 0 0 0 0 0 0 0 0 0 0 0 0 0 0 14760 0 0 0 0 0 0 0 0 0 0 0 0 0 0 0 0 0 0 0 0 0 0 0 0 0 0 0 0 0 0 0 0 0 0 0
0 0 0 0 0 0 0 0 0 0 0 0 0 0 0 0 0 0 0 0 0 0 0 0 0 0 0 0 0 11808 0 0 0 0 0 0 0 0 0 0 0 0 0 0 0 484000 0 0 0 210264 0 0 0 3936 0 0 0 207312 0 0 175312 0 178264 1312 0 0 0 0 0 0 0 0 0 0 0 0 0 489248 0 0 0 0 0 0 0 0 0 0 0 0 0 0 0 14760 0 0 0 0 0 0 0 0 0 0 0 0 0 0 0 0 0 0 0 0 0 0 0 0 0 0 0 0 0 0 0 11808 0 0
0 0 0 0 0 0 0 0 0 0 0 0 0 0 0 0 0 0 0 0 0 0 0 0 0 0 0 0 0 0 11808 0 0 0 0 0 0 0 0 0 0 0 0 0 0 0 484000 0 0 0 210264 0 0 0 0 0 0 0 207312 0 0 172360 0 172360 0 0 0 0 0 0 0 0 0 0 0 0 0 0 489248 0 0 0 0 0 0 0 0 0 0 0 0 0 0 0 14760 0 0 0 0 0 0 0 0 0 0 0 0 0 0 0 0 0 0 0 0 0 0 0 0 0 0 0 0 0 0 0 0 0
0 0 0 0 0 0 0 0 0 0 0 0 0 0 0 0 0 0 0 0 0 0 0 0 0 0 0 0 0 0 0 11808 0 0 0 0 0 0 0 0 0 0 0 0 0 0 0 484000 0 0 0 210264 0 0 0 3936 0 0 0 207312 178264 1312 175312 0 0 0 0 0 0 0 0 0 0 0 0 0 0 0 0 489248 0 0 0 0 0 0 0 0 0 0 0 0 0 0 0 14760 0 0 0 0 0 0 0 0 0 0 0 0 0 0 0 0 0 0 0 0 0 0 0 0 0 0 0 0 0 0 0 11808
0 0 0 0 0 0 0 0 0 0 0 0 0 0 0 0 0 0 0 0 0 0 0 0 0 0 0 0 0 0 0 0 0 0 0 0 0 0 0 0 0 0 0 0 0 0 0 0 478752 0 0 0 0 0 0 0 0 0 0 0 0 0 0 0 0 171376 0 171376 201408 0 0 0 0 0 0 0 201408 0 0 0 478752 0 0 0 0 0 0 0 0 0 0 0 0 0 0 0 0 0 0 0 0 0 0 0 0 0 0 0 0 0 0 0 0 0 0 0 0 0 0 0 0 0 0 0 0 0 0 0
0 0 0 0 0 0 0 0 0 0 0 0 0 0 0 0 0 0 0 0 0 0 0 0 0 0 0 0 0 0 0 0 0 0 0 0 0 0 0 0 0 0 0 0 0 0 0 0 0 478752 0 0 0 0 0 0 0 0 0 0 0 0 0 0 173344 0 175312 0 0 201408 0 0 0 0 0 0 0 201408 0 0 0 478752 0 0 0 0 0 0 0 0 0 0 0 0 0 0 0 0 0 0 0 0 0 0 0 0 0 0 0 0 0 0 0 0 0 0 0 0 0 0 0 0 0 0 0 0 0 0
0 0 0 0 0 0 0 0 0 0 0 0 0 0 0 0 0 0 0 0 0 0 0 0 0 0 0 0 0 0 0 0 0 0 0 0 0 0 0 0 0 0 0 0 0 0 0 0 0 0 478752 0 0 0 0 0 0 0 0 0 0 0 0 0 0 171376 0 171376 0 0 201408 0 0 0 0 0 0 0 201408 0 0 0 478752 0 0 0 0 0 0 0 0 0 0 0 0 0 0 0 0 0 0 0 0 0 0 0 0 0 0 0 0 0 0 0 0 0 0 0 0 0 0 0 0 0 0 0 0 0
0 0 0 0 0 0 0 0 0 0 0 0 0 0 0 0 0 0 0 0 0 0 0 0 0 0 0 0 0 0 0 0 0 0 0 0 0 0 0 0 0 0 0 0 0 0 0 0 0 0 0 478752 0 0 0 0 0 0 0 0 0 0 0 0 175312 0 173344 0 0 0 0 201408 0 0 0 0 0 0 0 201408 0 0 0 478752 0 0 0 0 0 0 0 0 0 0 0 0 0 0 0 0 0 0 0 0 0 0 0 0 0 0 0 0 0 0 0 0 0 0 0 0 0 0 0 0 0 0 0 0
0 0 0 0 0 0 0 0 0 0 0 0 0 0 0 0 0 0 0 0 0 0 0 0 0 0 0 0 0 0 0 0 0 0 0 0 0 0 0 0 0 0 0 0 0 0 0 0 0 0 0 0 478752 0 0 0 0 0 0 0 0 0 0 0 203376 0 0 0 0 171376 0 171376 205344 0 0 0 0 0 0 0 0 0 0 0 478752 0 0 0 0 0 0 0 0 0 0 0 0 0 0 0 0 0 0 0 0 0 0 0 0 0 0 0 0 0 0 0 0 0 0 0 0 0 0 0 0 0 0 0
0 0 0 0 0 0 0 0 0 0 0 0 0 0 0 0 0 0 0 0 0 0 0 0 0 0 0 0 0 0 0 0 0 0 0 0 0 0 0 0 0 0 0 0 0 0 0 0 0 0 0 0 0 478752 0 0 0 0 0 0 0 0 0 0 0 203376 0 0 173344 0 175312 0 0 205344 0 0 0 0 0 0 0 0 0 0 0 478752 0 0 0 0 0 0 0 0 0 0 0 0 0 0 0 0 0 0 0 0 0 0 0 0 0 0 0 0 0 0 0 0 0 0 0 0 0 0 0 0 0 0
0 0 0 0 0 0 0 0 0 0 0 0 0 0 0 0 0 0 0 0 0 0 0 0 0 0 0 0 0 0 0 0 0 0 0 0 0 0 0 0 0 0 0 0 0 0 0 0 0 0 0 0 0 0 478752 0 0 0 0 0 0 0 0 0 0 0 203376 0 0 171376 0 171376 0 0 205344 0 0 0 0 0 0 0 0 0 0 0 478752 0 0 0 0 0 0 0 0 0 0 0 0 0 0 0 0 0 0 0 0 0 0 0 0 0 0 0 0 0 0 0 0 0 0 0 0 0 0 0 0 0
0 0 0 0 0 0 0 0 0 0 0 0 0 0 0 0 0 0 0 0 0 0 0 0 0 0 0 0 0 0 0 0 0 0 0 0 0 0 0 0 0 0 0 0 0 0 0 0 0 0 0 0 0 0 0 478752 0 0 0 0 0 0 0 0 0 0 0 203376 175312 0 173344 0 0 0 0 205344 0 0 0 0 0 0 0 0 0 0 0 478752 0 0 0 0 0 0 0 0 0 0 0 0 0 0 0 0 0 0 0 0 0 0 0 0 0 0 0 0 0 0 0 0 0 0 0 0 0 0 0 0
0 0 0 0 0 0 0 0 0 0 0 0 0 0 0 0 0 0 0 0 0 0 0 0 0 0 0 0 0 0 0 0 0 0 0 0 0 0 0 0 0 0 0 0 0 0 0 0 0 0 0 0 0 0 0 0 478752 0 0 0 0 0 0 0 0 0 0 0 201408 0 0 0 0 171376 0 171376 201408 0 0 0 0 0 0 0 0 0 0 0 478752 0 0 0 0 0 0 0 0 0 0 0 0 0 0 0 0 0 0 0 0 0 0 0 0 0 0 0 0 0 0 0 0 0 0 0 0 0 0 0
0 0 0 0 0 0 0 0 0 0 0 0 0 0 0 0 0 0 0 0 0 0 0 0 0 0 0 0 0 0 0 0 0 0 0 0 0 0 0 0 0 0 0 0 0 0 0 0 0 0 0 0 0 0 0 0 0 478752 0 0 0 0 0 0 0 0 0 0 0 201408 0 0 173344 0 175312 0 0 201408 0 0 0 0 0 0 0 0 0 0 0 478752 0 0 0 0 0 0 0 0 0 0 0 0 0 0 0 0 0 0 0 0 0 0 0 0 0 0 0 0 0 0 0 0 0 0 0 0 0 0
0 0 0 0 0 0 0 0 0 0 0 0 0 0 0 0 0 0 0 0 0 0 0 0 0 0 0 0 0 0 0 0 0 0 0 0 0 0 0 0 0 0 0 0 0 0 0 0 0 0 0 0 0 0 0 0 0 0 478752 0 0 0 0 0 0 0 0 0 0 0 201408 0 0 171376 0 171376 0 0 201408 0 0 0 0 0 0 0 0 0 0 0 478752 0 0 0 0 0 0 0 0 0 0 0 0 0 0 0 0 0 0 0 0 0 0 0 0 0 0 0 0 0 0 0 0 0 0 0 0 0
0 0 0 0 0 0 0 0 0 0 0 0 0 0 0 0 0 0 0 0 0 0 0 0 0 0 0 0 0 0 0 0 0 0 0 0 0 0 0 0 0 0 0 0 0 0 0 0 0 0 0 0 0 0 0 0 0 0 0 478752 0 0 0 0 0 0 0 0 0 0 0 201408 175312 0 173344 0 0 0 0 201408 0 0 0 0 0 0 0 0 0 0 0 478752 0 0 0 0 0 0 0 0 0 0 0 0 0 0 0 0 0 0 0 0 0 0 0 0 0 0 0 0 0 0 0 0 0 0 0 0
0 0 0 0 0 0 0 0 0 0 0 0 0 0 0 0 0 0 0 0 0 0 0 0 0 0 0 0 0 0 0 0 0 0 0 0 0 0 0 0 0 0 0 0 0 0 0 0 0 0 0 0 0 0 0 0 0 0 0 0 478752 0 0 0 205344 0 0 0 0 0 0 0 203376 0 0 0 0 171376 0 171376 0 0 0 0 0 0 0 0 0 0 0 0 478752 0 0 0 0 0 0 0 0 0 0 0 0 0 0 0 0 0 0 0 0 0 0 0 0 0 0 0 0 0 0 0 0 0 0 0
0 0 0 0 0 0 0 0 0 0 0 0 0 0 0 0 0 0 0 0 0 0 0 0 0 0 0 0 0 0 0 0 0 0 0 0 0 0 0 0 0 0 0 0 0 0 0 0 0 0 0 0 0 0 0 0 0 0 0 0 0 478752 0 0 0 205344 0 0 0 0 0 0 0 203376 0 0 173344 0 175312 0 0 0 0 0 0 0 0 0 0 0 0 0 0 478752 0 0 0 0 0 0 0 0 0 0 0 0 0 0 0 0 0 0 0 0 0 0 0 0 0 0 0 0 0 0 0 0 0 0
0 0 0 0 0 0 0 0 0 0 0 0 0 0 0 0 0 0 0 0 0 0 0 0 0 0 0 0 0 0 0 0 0 0 0 0 0 0 0 0 0 0 0 0 0 0 0 0 0 0 0 0 0 0 0 0 0 0 0 0 0 0 478752 0 0 0 205344 0 0 0 0 0 0 0 203376 0 0 171376 0 171376 0 0 0 0 0 0 0 0 0 0 0 0 0 0 478752 0 0 0 0 0 0 0 0 0 0 0 0 0 0 0 0 0 0 0 0 0 0 0 0 0 0 0 0 0 0 0 0 0
0 0 0 0 0 0 0 0 0 0 0 0 0 0 0 0 0 0 0 0 0 0 0 0 0 0 0 0 0 0 0 0 0 0 0 0 0 0 0 0 0 0 0 0 0 0 0 0 0 0 0 0 0 0 0 0 0 0 0 0 0 0 0 478752 0 0 0 205344 0 0 0 0 0 0 0 203376 175312 0 173344 0 0 0 0 0 0 0 0 0 0 0 0 0 0 0 0 478752 0 0 0 0 0 0 0 0 0 0 0 0 0 0 0 0 0 0 0 0 0 0 0 0 0 0 0 0 0 0 0 0
0 0 0 0 0 0 0 0 0 0 0 0 0 0 0 0 0 0 0 0 0 0 0 0 0 0 0 0 0 0 0 0 0 0 0 0 0 0 0 0 0 0 0 0 0 0 0 0 8856 0 0 0 0 0 0 0 0 0 0 0 0 0 0 0 484000 0 0 0 0 0 0 0 0 0 0 0 0 0 0 0 0 172360 0 172360 204360 0 0 0 0 0 0 0 204360 0 0 0 489248 0 0 0 0 0 0 0 0 0 0 0 0 0 0 0 8856 0 0 0 0 0 0 0 0 0 0 0 0 0 0 0
0 0 0 0 0 0 0 0 0 0 0 0 0 0 0 0 0 0 0 0 0 0 0 0 0 0 0 0 0 0 0 0 0 0 0 0 0 0 0 0 0 0 0 0 0 0 0 0 0 8856 0 0 0 0 0 0 0 0 0 0 0 0 0 0 0 484000 0 0 0 0 0 0 0 0 0 0 0 0 0 0 175312 0 178264 0 0 204360 0 0 0 0 0 0 0 204360 0 0 0 489248 0 0 0 0 0 0 0 0 0 0 0 0 0 0 0 8856 0 0 0 0 0 0 0 0 0 0 0 0 0 0
0 0 0 0 0 0 0 0 0 0 0 0 0 0 0 0 0 0 0 0 0 0 0 0 0 0 0 0 0 0 0 0 0 0 0 0 0 0 0 0 0 0 0 0 0 0 0 0 0 0 8856 0 0 0 0 0 0 0 0 0 0 0 0 0 0 0 484000 0 0 0 0 0 0 0 0 0 0 0 0 0 0 172360 0 172360 0 0 204360 0 0 0 0 0 0 0 204360 0 0 0 489248 0 0 0 0 0 0 0 0 0 0 0 0 0 0 0 8856 0 0 0 0 0 0 0 0 0 0 0 0 0
0 0 0 0 0 0 0 0 0 0 0 0 0 0 0 0 0 0 0 0 0 0 0 0 0 0 0 0 0 0 0 0 0 0 0 0 0 0 0 0 0 0 0 0 0 0 0 0 0 0 0 8856 0 0 0 0 0 0 0 0 0 0 0 0 0 0 0 484000 0 0 0 0 0 0 0 0 0 0 0 0 178264 0 175312 0 0 0 0 204360 0 0 0 0 0 0 0 204360 0 0 0 489248 0 0 0 0 0 0 0 0 0 0 0 0 0 0 0 8856 0 0 0 0 0 0 0 0 0 0 0 0
0 0 0 0 0 0 0 0 0 0 0 0 0 0 0 0 0 0 0 0 0 0 0 0 0 0 0 0 0 0 0 0 0 0 0 0 0 0 0 0 0 0 0 0 0 0 0 0 0 0 0 0 8856 0 0 0 0 0 0 0 0 0 0 0 0 0 0 0 484000 0 0 0 0 0 0 0 0 0 0 0 207312 0 0 0 0 172360 0 172360 210264 0 0 0 0 0 0 0 0 0 0 0 489248 0 0 0 0 0 0 0 0 0 0 0 0 0 0 0 8856 0 0 0 0 0 0 0 0 0 0 0
0 0 0 0 0 0 0 0 0 0 0 0 0 0 0 0 0 0 0 0 0 0 0 0 0 0 0 0 0 0 0 0 0 0 0 0 0 0 0 0 0 0 0 0 0 0 0 0 0 0 0 0 0 8856 0 0 0 0 0 0 0 0 0 0 0 0 0 0 0 484000 0 0 0 0 0 0 0 0 0 0 0 207312 0 0 175312 0 178264 0 0 210264 0 0 0 0 0 0 0 0 0 0 0 489248 0 0 0 0 0 0 0 0 0 0 0 0 0 0 0 8856 0 0 0 0 0 0 0 0 0 0
0 0 0 0 0 0 0 0 0 0 0 0 0 0 0 0 0 0 0 0 0 0 0 0 0 0 0 0 0 0 0 0 0 0 0 0 0 0 0 0 0 0 0 0 0 0 0 0 0 0 0 0 0 0 8856 0 0 0 0 0 0 0 0 0 0 0 0 0 0 0 484000 0 0 0 0 0 0 0 0 0 0 0 207312 0 0 172360 0 172360 0 0 210264 0 0 0 0 0 0 0 0 0 0 0 489248 0 0 0 0 0 0 0 0 0 0 0 0 0 0 0 8856 0 0 0 0 0 0 0 0 0
0 0 0 0 0 0 0 0 0 0 0 0 0 0 0 0 0 0 0 0 0 0 0 0 0 0 0 0 0 0 0 0 0 0 0 0 0 0 0 0 0 0 0 0 0 0 0 0 0 0 0 0 0 0 0 8856 0 0 0 0 0 0 0 0 0 0 0 0 0 0 0 484000 0 0 0 0 0 0 0 0 0 0 0 207312 178264 0 175312 0 0 0 0 210264 0 0 0 0 0 0 0 0 0 0 0 489248 0 0 0 0 0 0 0 0 0 0 0 0 0 0 0 8856 0 0 0 0 0 0 0 0
0 0 0 0 0 0 0 0 0 0 0 0 0 0 0 0 0 0 0 0 0 0 0 0 0 0 0 0 0 0 0 0 0 0 0 0 0 0 0 0 0 0 0 0 0 0 0 0 0 0 0 0 0 0 0 0 8856 0 0 0 0 0 0 0 0 0 0 0 0 0 0 0 484000 0 0 0 0 0 0 0 0 0 0 0 204360 0 0 0 0 172360 0 172360 204360 0 0 0 0 0 0 0 0 0 0 0 489248 0 0 0 0 0 0 0 0 0 0 0 0 0 0 0 8856 0 0 0 0 0 0 0
0 0 0 0 0 0 0 0 0 0 0 0 0 0 0 0 0 0 0 0 0 0 0 0 0 0 0 0 0 0 0 0 0 0 0 0 0 0 0 0 0 0 0 0 0 0 0 0 0 0 0 0 0 0 0 0 0 8856 0 0 0 0 0 0 0 0 0 0 0 0 0 0 0 484000 0 0 0 0 0 0 0 0 0 0 0 204360 0 0 175312 0 178264 0 0 204360 0 0 0 0 0 0 0 0 0 0 0 489248 0 0 0 0 0 0 0 0 0 0 0 0 0 0 0 8856 0 0 0 0 0 0
0 0 0 0 0 0 0 0 0 0 0 0 0 0 0 0 0 0 0 0 0 0 0 0 0 0 0 0 0 0 0 0 0 0 0 0 0 0 0 0 0 0 0 0 0 0 0 0 0 0 0 0 0 0 0 0 0 0 8856 0 0 0 0 0 0 0 0 0 0 0 0 0 0 0 484000 0 0 0 0 0 0 0 0 0 0 0 204360 0 0 172360 0 172360 0 0 204360 0 0 0 0 0 0 0 0 0 0 0 489248 0 0 0 0 0 0 0 0 0 0 0 0 0 0 0 8856 0 0 0 0 0
0 0 0 0 0 0 0 0 0 0 0 0 0 0 0 0 0 0 0 0 0 0 0 0 0 0 0 0 0 0 0 0 0 0 0 0 0 0 0 0 0 0 0 0 0 0 0 0 0 0 0 0 0 0 0 0 0 0 0 8856 0 0 0 0 0 0 0 0 0 0 0 0 0 0 0 484000 0 0 0 0 0 0 0 0 0 0 0 204360 178264 0 175312 0 0 0 0 204360 0 0 0 0 0 0 0 0 0 0 0 489248 0 0 0 0 0 0 0 0 0 0 0 0 0 0 0 8856 0 0 0 0
0 0 0 0 0 0 0 0 0 0 0 0 0 0 0 0 0 0 0 0 0 0 0 0 0 0 0 0 0 0 0 0 0 0 0 0 0 0 0 0 0 0 0 0 0 0 0 0 0 0 0 0 0 0 0 0 0 0 0 0 8856 0 0 0 0 0 0 0 0 0 0 0 0 0 0 0 484000 0 0 0 210264 0 0 0 0 0 0 0 207312 0 0 0 0 172360 0 172360 0 0 0 0 0 0 0 0 0 0 0 0 489248 0 0 0 0 0 0 0 0 0 0 0 0 0 0 0 8856 0 0 0
0 0 0 0 0 0 0 0 0 0 0 0 0 0 0 0 0 0 0 0 0 0 0 0 0 0 0 0 0 0 0 0 0 0 0 0 0 0 0 0 0 0 0 0 0 0 0 0 0 0 0 0 0 0 0 0 0 0 0 0 0 8856 0 0 0 0 0 0 0 0 0 0 0 0 0 0 0 484000 0 0 0 210264 0 0 0 0 0 0 0 207312 0 0 175312 0 178264 0 0 0 0 0 0 0 0 0 0 0 0 0 0 489248 0 0 0 0 0 0 0 0 0 0 0 0 0 0 0 8856 0 0
0 0 0 0 0 0 0 0 0 0 0 0 0 0 0 0 0 0 0 0 0 0 0 0 0 0 0 0 0 0 0 0 0 0 0 0 0 0 0 0 0 0 0 0 0 0 0 0 0 0 0 0 0 0 0 0 0 0 0 0 0 0 8856 0 0 0 0 0 0 0 0 0 0 0 0 0 0 0 484000 0 0 0 210264 0 0 0 0 0 0 0 207312 0 0 172360 0 172360 0 0 0 0 0 0 0 0 0 0 0 0 0 0 489248 0 0 0 0 0 0 0 0 0 0 0 0 0 0 0 8856 0
0 0 0 0 0 0 0 0 0 0 0 0 0 0 0 0 0 0 0 0 0 0 0 0 0 0 0 0 0 0 0 0 0 0 0 0 0 0 0 0 0 0 0 0 0 0 0 0 0 0 0 0 0 0 0 0 0 0 0 0 0 0 0 8856 0 0 0 0 0 0 0 0 0 0 0 0 0 0 0 484000 0 0 0 210264 0 0 0 0 0 0 0 207312 178264 0 175312 0 0 0 0 0 0 0 0 0 0 0 0 0 0 0 0 489248 0 0 0 0 0 0 0 0 0 0 0 0 0 0 0 8856
0 0 0 0 0 0 0 0 0 0 0 0 0 0 0 0 0 0 0 0 0 0 0 0 0 0 0 0 0 0 0 0 0 0 0 0 0 0 0 0 0 0 0 0 0 0 0 0 0 0 0 0 0 0 0 0 0 0 0 0 0 0 0 0 0 0 0 0 0 0 0 0 0 0 0 0 0 0 0 0 478752 0 0 0 0 0 0 0 0 0 0 0 0 0 0 0 0 171376 0 171376 201408 0 0 0 0 0 0 0 201408 0 0 0 478752 0 0 0 0 0 0 0 0 0 0 0 0 0 0 0
0 0 0 0 0 0 0 0 0 0 0 0 0 0 0 0 0 0 0 0 0 0 0 0 0 0 0 0 0 0 0 0 0 0 0 0 0 0 0 0 0 0 0 0 0 0 0 0 0 0 0 0 0 0 0 0 0 0 0 0 0 0 0 0 0 0 0 0 0 0 0 0 0 0 0 0 0 0 0 0 0 478752 0 0 0 0 0 0 0 0 0 0 0 0 0 0 173344 0 175312 0 0 201408 0 0 0 0 0 0 0 201408 0 0 0 478752 0 0 0 0 0 0 0 0 0 0 0 0 0 0
0 0 0 0 0 0 0 0 0 0 0 0 0 0 0 0 0 0 0 0 0 0 0 0 0 0 0 0 0 0 0 0 0 0 0 0 0 0 0 0 0 0 0 0 0 0 0 0 0 0 0 0 0 0 0 0 0 0 0 0 0 0 0 0 0 0 0 0 0 0 0 0 0 0 0 0 0 0 0 0 0 0 478752 0 0 0 0 0 0 0 0 0 0 0 0 0 0 171376 0 171376 0 0 201408 0 0 0 0 0 0 0 201408 0 0 0 478752 0 0 0 0 0 0 0 0 0 0 0 0 0
0 0 0 0 0 0 0 0 0 0 0 0 0 0 0 0 0 0 0 0 0 0 0 0 0 0 0 0 0 0 0 0 0 0 0 0 0 0 0 0 0 0 0 0 0 0 0 0 0 0 0 0 0 0 0 0 0 0 0 0 0 0 0 0 0 0 0 0 0 0 0 0 0 0 0 0 0 0 0 0 0 0 0 478752 0 0 0 0 0 0 0 0 0 0 0 0 175312 0 173344 0 0 0 0 201408 0 0 0 0 0 0 0 201408 0 0 0 478752 0 0 0 0 0 0 0 0 0 0 0 0
0 0 0 0 0 0 0 0 0 0 0 0 0 0 0 0 0 0 0 0 0 0 0 0 0 0 0 0 0 0 0 0 0 0 0 0 0 0 0 0 0 0 0 0 0 0 0 0 0 0 0 0 0 0 0 0 0 0 0 0 0 0 0 0 0 0 0 0 0 0 0 0 0 0 0 0 0 0 0 0 0 0 0 0 478752 0 0 0 0 0 0 0 0 0 0 0 203376 0 0 0 0 171376 0 171376 205344 0 0 0 0 0 0 0 0 0 0 0 478752 0 0 0 0 0 0 0 0 0 0 0
0 0 0 0 0 0 0 0 0 0 0 0 0 0 0 0 0 0 0 0 0 0 0 0 0 0 0 0 0 0 0 0 0 0 0 0 0 0 0 0 0 0 0 0 0 0 0 0 0 0 0 0 0 0 0 0 0 0 0 0 0 0 0 0 0 0 0 0 0 0 0 0 0 0 0 0 0 0 0 0 0 0 0 0 0 478752 0 0 0 0 0 0 0 0 0 0 0 203376 0 0 173344 0 175312 0 0 205344 0 0 0 0 0 0 0 0 0 0 0 478752 0 0 0 0 0 0 0 0 0 0
0 0 0 0 0 0 0 0 0 0 0 0 0 0 0 0 0 0 0 0 0 0 0 0 0 0 0 0 0 0 0 0 0 0 0 0 0 0 0 0 0 0 0 0 0 0 0 0 0 0 0 0 0 0 0 0 0 0 0 0 0 0 0 0 0 0 0 0 0 0 0 0 0 0 0 0 0 0 0 0 0 0 0 0 0 0 478752 0 0 0 0 0 0 0 0 0 0 0 203376 0 0 171376 0 171376 0 0 205344 0 0 0 0 0 0 0 0 0 0 0 478752 0 0 0 0 0 0 0 0 0
0 0 0 0 0 0 0 0 0 0 0 0 0 0 0 0 0 0 0 0 0 0 0 0 0 0 0 0 0 0 0 0 0 0 0 0 0 0 0 0 0 0 0 0 0 0 0 0 0 0 0 0 0 0 0 0 0 0 0 0 0 0 0 0 0 0 0 0 0 0 0 0 0 0 0 0 0 0 0 0 0 0 0 0 0 0 0 478752 0 0 0 0 0 0 0 0 0 0 0 203376 175312 0 173344 0 0 0 0 205344 0 0 0 0 0 0 0 0 0 0 0 478752 0 0 0 0 0 0 0 0
0 0 0 0 0 0 0 0 0 0 0 0 0 0 0 0 0 0 0 0 0 0 0 0 0 0 0 0 0 0 0 0 0 0 0 0 0 0 0 0 0 0 0 0 0 0 0 0 0 0 0 0 0 0 0 0 0 0 0 0 0 0 0 0 0 0 0 0 0 0 0 0 0 0 0 0 0 0 0 0 0 0 0 0 0 0 0 0 478752 0 0 0 0 0 0 0 0 0 0 0 201408 0 0 0 0 171376 0 171376 201408 0 0 0 0 0 0 0 0 0 0 0 478752 0 0 0 0 0 0 0
0 0 0 0 0 0 0 0 0 0 0 0 0 0 0 0 0 0 0 0 0 0 0 0 0 0 0 0 0 0 0 0 0 0 0 0 0 0 0 0 0 0 0 0 0 0 0 0 0 0 0 0 0 0 0 0 0 0 0 0 0 0 0 0 0 0 0 0 0 0 0 0 0 0 0 0 0 0 0 0 0 0 0 0 0 0 0 0 0 478752 0 0 0 0 0 0 0 0 0 0 0 201408 0 0 173344 0 175312 0 0 201408 0 0 0 0 0 0 0 0 0 0 0 478752 0 0 0 0 0 0
0 0 0 0 0 0 0 0 0 0 0 0 0 0 0 0 0 0 0 0 0 0 0 0 0 0 0 0 0 0 0 0 0 0 0 0 0 0 0 0 0 0 0 0 0 0 0 0 0 0 0 0 0 0 0 0 0 0 0 0 0 0 0 0 0 0 0 0 0 0 0 0 0 0 0 0 0 0 0 0 0 0 0 0 0 0 0 0 0 0 478752 0 0 0 0 0 0 0 0 0 0 0 201408 0 0 171376 0 171376 0 0 201408 0 0 0 0 0 0 0 0 0 0 0 478752 0 0 0 0 0
0 0 0 0 0 0 0 0 0 0 0 0 0 0 0 0 0 0 0 0 0 0 0 0 0 0 0 0 0 0 0 0 0 0 0 0 0 0 0 0 0 0 0 0 0 0 0 0 0 0 0 0 0 0 0 0 0 0 0 0 0 0 0 0 0 0 0 0 0 0 0 0 0 0 0 0 0 0 0 0 0 0 0 0 0 0 0 0 0 0 0 478752 0 0 0 0 0 0 0 0 0 0 0 201408 175312 0 173344 0 0 0 0 201408 0 0 0 0 0 0 0 0 0 0 0 478752 0 0 0 0
0 0 0 0 0 0 0 0 0 0 0 0 0 0 0 0 0 0 0 0 0 0 0 0 0 0 0 0 0 0 0 0 0 0 0 0 0 0 0 0 0 0 0 0 0 0 0 0 0 0 0 0 0 0 0 0 0 0 0 0 0 0 0 0 0 0 0 0 0 0 0 0 0 0 0 0 0 0 0 0 0 0 0 0 0 0 0 0 0 0 0 0 478752 0 0 0 205344 0 0 0 0 0 0 0 203376 0 0 0 0 171376 0 171376 0 0 0 0 0 0 0 0 0 0 0 0 478752 0 0 0
0 0 0 0 0 0 0 0 0 0 0 0 0 0 0 0 0 0 0 0 0 0 0 0 0 0 0 0 0 0 0 0 0 0 0 0 0 0 0 0 0 0 0 0 0 0 0 0 0 0 0 0 0 0 0 0 0 0 0 0 0 0 0 0 0 0 0 0 0 0 0 0 0 0 0 0 0 0 0 0 0 0 0 0 0 0 0 0 0 0 0 0 0 478752 0 0 0 205344 0 0 0 0 0 0 0 203376 0 0 173344 0 175312 0 0 0 0 0 0 0 0 0 0 0 0 0 0 478752 0 0
0 0 0 0 0 0 0 0 0 0 0 0 0 0 0 0 0 0 0 0 0 0 0 0 0 0 0 0 0 0 0 0 0 0 0 0 0 0 0 0 0 0 0 0 0 0 0 0 0 0 0 0 0 0 0 0 0 0 0 0 0 0 0 0 0 0 0 0 0 0 0 0 0 0 0 0 0 0 0 0 0 0 0 0 0 0 0 0 0 0 0 0 0 0 478752 0 0 0 205344 0 0 0 0 0 0 0 203376 0 0 171376 0 171376 0 0 0 0 0 0 0 0 0 0 0 0 0 0 478752 0
0 0 0 0 0 0 0 0 0 0 0 0 0 0 0 0 0 0 0 0 0 0 0 0 0 0 0 0 0 0 0 0 0 0 0 0 0 0 0 0 0 0 0 0 0 0 0 0 0 0 0 0 0 0 0 0 0 0 0 0 0 0 0 0 0 0 0 0 0 0 0 0 0 0 0 0 0 0 0 0 0 0 0 0 0 0 0 0 0 0 0 0 0 0 0 478752 0 0 0 205344 0 0 0 0 0 0 0 203376 175312 0 173344 0 0 0 0 0 0 0 0 0 0 0 0 0 0 0 0 478752
489248 0 0 0 0 0 0 0 0 0 0 0 0 0 0 0 14760 0 0 0 0 0 0 0 0 0 0 0 0 0 0 0 0 0 0 0 0 0 0 0 0 0 0 0 0 0 0 0 0 0 0 0 0 0 0 0 0 0 0 0 0 0 0 0 0 0 0 0 0 0 0 0 0 0 0 0 0 0 0 0 11808 0 0 0 0 0 0 0 0 0 0 0 0 0 0 0 484000 0 0 0 0 0 0 0 0 0 0 0 0 0 0 0 0 172360 0 172360 204360 0 0 0 0 0 0 0 204360 0 0 0
0 489248 0 0 0 0 0 0 0 0 0 0 0 0 0 0 0 14760 0 0 0 0 0 0 0 0 0 0 0 0 0 0 0 0 0 0 0 0 0 0 0 0 0 0 0 0 0 0 0 0 0 0 0 0 0 0 0 0 0 0 0 0 0 0 0 0 0 0 0 0 0 0 0 0 0 0 0 0 0 0 0 11808 0 0 0 0 0 0 0 0 0 0 0 0 0 0 0 484000 0 0 0 0 0 0 0 0 0 0 0 0 0 0 175312 0 178264 0 0 204360 0 0 0 0 0 0 0 204360 0 0
0 0 489248 0 0 0 0 0 0 0 0 0 0 0 0 0 0 0 14760 0 0 0 0 0 0 0 0 0 0 0 0 0 0 0 0 0 0 0 0 0 0 0 0 0 0 0 0 0 0 0 0 0 0 0 0 0 0 0 0 0 0 0 0 0 0 0 0 0 0 0 0 0 0 0 0 0 0 0 0 0 0 0 11808 0 0 0 0 0 0 0 0 0 0 0 0 0 0 0 484000 0 0 0 0 0 0 0 0 0 0 0 0 0 0 172360 0 172360 0 0 204360 0 0 0 0 0 0 0 204360 0
0 0 0 489248 0 0 0 0 0 0 0 0 0 0 0 0 0 0 0 14760 0 0 0 0 0 0 0 0 0 0 0 0 0 0 0 0 0 0 0 0 0 0 0 0 0 0 0 0 0 0 0 0 0 0 0 0 0 0 0 0 0 0 0 0 0 0 0 0 0 0 0 0 0 0 0 0 0 0 0 0 0 0 0 11808 0 0 0 0 0 0 0 0 0 0 0 0 0 0 0 484000 0 0 0 0 0 0 0 0 0 0 0 0 178264 0 175312 0 0 0 0 204360 0 0 0 0 0 0 0 204360
0 0 0 0 489248 0 0 0 0 0 0 0 0 0 0 0 0 0 0 0 14760 0 0 0 0 0 0 0 0 0 0 0 0 0 0 0 0 0 0 0 0 0 0 0 0 0 0 0 0 0 0 0 0 0 0 0 0 0 0 0 0 0 0 0 0 0 0 0 0 0 0 0 0 0 0 0 0 0 0 0 0 0 0 0 11808 0 0 0 0 0 0 0 0 0 0 0 0 0 0 0 484000 0 0 0 0 0 0 0 0 0 0 0 207312 0 0 0 0 172360 0 172360 210264 0 0 0 0 0 0 0
0 0 0 0 0 489248 0 0 0 0 0 0 0 0 0 0 0 0 0 0 0 14760 0 0 0 0 0 0 0 0 0 0 0 0 0 0 0 0 0 0 0 0 0 0 0 0 0 0 0 0 0 0 0 11808 0 0 0 0 0 0 0 0 0 0 0 0 0 0 0 0 0 0 0 0 0 0 0 0 0 0 0 0 0 0 0 11808 0 0 0 0 0 0 0 0 0 0 0 0 0 0 0 484000 0 0 0 0 0 0 0 0 0 0 0 207312 0 0 175312 0 178264 1312 0 210264 0 0 0 3936 0 0
0 0 0 0 0 0 489248 0 0 0 0 0 0 0 0 0 0 0 0 0 0 0 14760 0 0 0 0 0 0 0 0 0 0 0 0 0 0 0 0 0 0 0 0 0 0 0 0 0 0 0 0 0 0 0 0 0 0 0 0 0 0 0 0 0 0 0 0 0 0 0 0 0 0 0 0 0 0 0 0 0 0 0 0 0 0 0 11808 0 0 0 0 0 0 0 0 0 0 0 0 0 0 0 484000 0 0 0 0 0 0 0 0 0 0 0 207312 0 0 172360 0 172360 0 0 210264 0 0 0 0 0
0 0 0 0 0 0 0 489248 0 0 0 0 0 0 0 0 0 0 0 0 0 0 0 14760 0 0 0 0 0 0 0 0 0 0 0 0 0 0 0 0 0 0 0 0 0 0 0 0 0 0 0 0 0 0 0 11808 0 0 0 0 0 0 0 0 0 0 0 0 0 0 0 0 0 0 0 0 0 0 0 0 0 0 0 0 0 0 0 11808 0 0 0 0 0 0 0 0 0 0 0 0 0 0 0 484000 0 0 0 0 0 0 0 0 0 0 0 207312 178264 1312 175312 0 0 0 0 210264 0 0 0 3936
0 0 0 0 0 0 0 0 489248 0 0 0 0 0 0 0 0 0 0 0 0 0 0 0 14760 0 0 0 0 0 0 0 0 0 0 0 0 0 0 0 0 0 0 0 0 0 0 0 0 0 0 0 0 0 0 0 0 0 0 0 0 0 0 0 0 0 0 0 0 0 0 0 0 0 0 0 0 0 0 0 0 0 0 0 0 0 0 0 11808 0 0 0 0 0 0 0 0 0 0 0 0 0 0 0 484000 0 0 0 0 0 0 0 0 0 0 0 204360 0 0 0 0 172360 0 172360 204360 0 0 0
0 0 0 0 0 0 0 0 0 489248 0 0 0 0 0 0 0 0 0 0 0 0 0 0 0 14760 0 0 0 0 0 0 0 0 0 0 0 0 0 0 0 0 0 0 0 0 0 0 0 0 0 0 0 0 0 0 0 0 0 0 0 0 0 0 0 0 0 0 0 0 0 0 0 0 0 0 0 0 0 0 0 0 0 0 0 0 0 0 0 11808 0 0 0 0 0 0 0 0 0 0 0 0 0 0 0 484000 0 0 0 0 0 0 0 0 0 0 0 204360 0 0 175312 0 178264 0 0 204360 0 0
0 0 0 0 0 0 0 0 0 0 489248 0 0 0 0 0 0 0 0 0 0 0 0 0 0 0 14760 0 0 0 0 0 0 0 0 0 0 0 0 0 0 0 0 0 0 0 0 0 0 0 0 0 0 0 0 0 0 0 0 0 0 0 0 0 0 0 0 0 0 0 0 0 0 0 0 0 0 0 0 0 0 0 0 0 0 0 0 0 0 0 11808 0 0 0 0 0 0 0 0 0 0 0 0 0 0 0 484000 0 0 0 0 0 0 0 0 0 0 0 204360 0 0 172360 0 172360 0 0 204360 0
0 0 0 0 0 0 0 0 0 0 0 489248 0 0 0 0 0 0 0 0 0 0 0 0 0 0 0 14760 0 0 0 0 0 0 0 0 0 0 0 0 0 0 0 0 0 0 0 0 0 0 0 0 0 0 0 0 0 0 0 0 0 0 0 0 0 0 0 0 0 0 0 0 0 0 0 0 0 0 0 0 0 0 0 0 0 0 0 0 0 0 0 11808 0 0 0 0 0 0 0 0 0 0 0 0 0 0 0 484000 0 0 0 0 0 0 0 0 0 0 0 204360 178264 0 175312 0 0 0 0 204360
0 0 0 0 0 0 0 0 0 0 0 0 489248 0 0 0 0 0 0 0 0 0 0 0 0 0 0 0 14760 0 0 0 0 0 0 0 0 0 0 0 0 0 0 0 0 0 0 0 0 0 0 0 0 0 0 0 0 0 0 0 0 0 0 0 0 0 0 0 0 0 0 0 0 0 0 0 0 0 0 0 0 0 0 0 0 0 0 0 0 0 0 0 11808 0 0 0 0 0 0 0 0 0 0 0 0 0 0 0 484000 0 0 0 210264 0 0 0 0 0 0 0 207312 0 0 0 0 172360 0 172360
0 0 0 0 0 0 0 0 0 0 0 0 0 489248 0 0 0 0 0 0 0 0 0 0 0 0 0 0 0 14760 0 0 0 0 0 0 0 0 0 0 0 0 0 0 0 0 0 0 0 0 0 0 0 0 0 0 0 0 0 0 0 11808 0 0 0 0 0 0 0 0 0 0 0 0 0 0 0 0 0 0 0 0 0 0 0 0 0 0 0 0 0 0 0 11808 0 0 0 0 0 0 0 0 0 0 0 0 0 0 0 484000 0 0 0 210264 0 0 0 3936 0 0 0 207312 0 0 175312 0 178264 1312
0 0 0 0 0 0 0 0 0 0 0 0 0 0 489248 0 0 0 0 0 0 0 0 0 0 0 0 0 0 0 14760 0 0 0 0 0 0 0 0 0 0 0 0 0 0 0 0 0 0 0 0 0 0 0 0 0 0 0 0 0 0 0 0 0 0 0 0 0 0 0 0 0 0 0 0 0 0 0 0 0 0 0 0 0 0 0 0 0 0 0 0 0 0 0 11808 0 0 0 0 0 0 0 0 0 0 0 0 0 0 0 484000 0 0 0 210264 0 0 0 0 0 0 0 207312 0 0 172360 0 172360
0 0 0 0 0 0 0 0 0 0 0 0 0 0 0 489248 0 0 0 0 0 0 0 0 0 0 0 0 0 0 0 14760 0 0 0 0 0 0 0 0 0 0 0 0 0 0 0 0 0 0 0 0 0 0 0 0 0 0 0 0 0 0 0 11808 0 0 0 0 0 0 0 0 0 0 0 0 0 0 0 0 0 0 0 0 0 0 0 0 0 0 0 0 0 0 0 11808 0 0 0 0 0 0 0 0 0 0 0 0 0 0 0 484000 0 0 0 210264 0 0 0 3936 0 0 0 207312 178264 1312 175312 0
