582400 589312 589312 0 589312 0 0 0 0 0 0 0 0 0 0 0 0 0 0 0 0 0 0 0 0 0 0 0 0 0 0 0
589312 582400 0 589312 0 589312 0 0 0 0 0 0 0 0 0 0 0 0 0 0 0 0 0 0 0 0 0 0 0 0 0 0
589312 0 0 589312 0 0 589312 0 582400 0 0 0 0 0 0 0 0 0 0 0 0 0 0 0 0 0 0 0 0 0 0 0
0 589312 589312 0 0 0 0 589312 0 582400 0 0 0 0 0 0 0 0 0 0 0 0 0 0 0 0 0 0 0 0 0 0
589312 0 0 0 0 589312 589312 0 0 0 0 0 0 0 0 0 582400 0 0 0 0 0 0 0 0 0 0 0 0 0 0 0
0 589312 0 0 589312 0 0 589312 0 0 0 0 0 0 0 0 0 582400 0 0 0 0 0 0 0 0 0 0 0 0 0 0
0 0 589312 0 589312 0 0 589312 0 0 0 0 0 0 0 0 0 0 0 0 0 0 0 0 582400 0 0 0 0 0 0 0
0 0 0 589312 0 589312 589312 0 0 0 0 0 0 0 0 0 0 0 0 0 0 0 0 0 0 582400 0 0 0 0 0 0
0 0 582400 0 0 0 0 0 0 589312 589312 0 589312 0 0 0 0 0 0 0 0 0 0 0 0 0 0 0 0 0 0 0
0 0 0 582400 0 0 0 0 589312 0 0 589312 0 589312 0 0 0 0 0 0 0 0 0 0 0 0 0 0 0 0 0 0
0 0 0 0 0 0 0 0 589312 0 582400 589312 0 0 589312 0 0 0 0 0 0 0 0 0 0 0 0 0 0 0 0 0
0 0 0 0 0 0 0 0 0 589312 589312 582400 0 0 0 589312 0 0 0 0 0 0 0 0 0 0 0 0 0 0 0 0
0 0 0 0 0 0 0 0 589312 0 0 0 0 589312 589312 0 0 0 582400 0 0 0 0 0 0 0 0 0 0 0 0 0
0 0 0 0 0 0 0 0 0 589312 0 0 589312 0 0 589312 0 0 0 582400 0 0 0 0 0 0 0 0 0 0 0 0
0 0 0 0 0 0 0 0 0 0 589312 0 589312 0 0 589312 0 0 0 0 0 0 0 0 0 0 582400 0 0 0 0 0
0 0 0 0 0 0 0 0 0 0 0 589312 0 589312 589312 0 0 0 0 0 0 0 0 0 0 0 0 582400 0 0 0 0
0 0 0 0 582400 0 0 0 0 0 0 0 0 0 0 0 0 589312 589312 0 589312 0 0 0 0 0 0 0 0 0 0 0
0 0 0 0 0 582400 0 0 0 0 0 0 0 0 0 0 589312 0 0 589312 0 589312 0 0 0 0 0 0 0 0 0 0
0 0 0 0 0 0 0 0 0 0 0 0 582400 0 0 0 589312 0 0 589312 0 0 589312 0 0 0 0 0 0 0 0 0
0 0 0 0 0 0 0 0 0 0 0 0 0 582400 0 0 0 589312 589312 0 0 0 0 589312 0 0 0 0 0 0 0 0
0 0 0 0 0 0 0 0 0 0 0 0 0 0 0 0 589312 0 0 0 582400 589312 589312 0 0 0 0 0 0 0 0 0
0 0 0 0 0 0 0 0 0 0 0 0 0 0 0 0 0 589312 0 0 589312 582400 0 589312 0 0 0 0 0 0 0 0
0 0 0 0 0 0 0 0 0 0 0 0 0 0 0 0 0 0 589312 0 589312 0 0 589312 0 0 0 0 582400 0 0 0
0 0 0 0 0 0 0 0 0 0 0 0 0 0 0 0 0 0 0 589312 0 589312 589312 0 0 0 0 0 0 582400 0 0
0 0 0 0 0 0 582400 0 0 0 0 0 0 0 0 0 0 0 0 0 0 0 0 0 0 589312 589312 0 589312 0 0 0
0 0 0 0 0 0 0 582400 0 0 0 0 0 0 0 0 0 0 0 0 0 0 0 0 589312 0 0 589312 0 589312 0 0
0 0 0 0 0 0 0 0 0 0 0 0 0 0 582400 0 0 0 0 0 0 0 0 0 589312 0 0 589312 0 0 589312 0
0 0 0 0 0 0 0 0 0 0 0 0 0 0 0 582400 0 0 0 0 0 0 0 0 0 589312 589312 0 0 0 0 589312
0 0 0 0 0 0 0 0 0 0 0 0 0 0 0 0 0 0 0 0 0 0 582400 0 589312 0 0 0 0 589312 589312 0
0 0 0 0 0 0 0 0 0 0 0 0 0 0 0 0 0 0 0 0 0 0 0 582400 0 589312 0 0 589312 0 0 589312
0 0 0 0 0 0 0 0 0 0 0 0 0 0 0 0 0 0 0 0 0 0 0 0 0 0 589312 0 589312 0 582400 589312
0 0 0 0 0 0 0 0 0 0 0 0 0 0 0 0 0 0 0 0 0 0 0 0 0 0 0 589312 0 589312 589312 582400
