0 33554432 33554432 0 33554432 0 0 0 33554432 0 0 0 0 0 0 0 33554432 0 0 0 0 0 0 0 0 0 0 0 0 0 0 0
33554432 0 0 33554432 0 33554432 0 0 0 33554432 0 0 0 0 0 0 0 33554432 0 0 0 0 0 0 0 0 0 0 0 0 0 0
33554432 0 0 33554432 0 0 33554432 0 0 0 33554432 0 0 0 0 0 0 0 33554432 0 0 0 0 0 0 0 0 0 0 0 0 0
0 33554432 33554432 0 0 0 0 33554432 0 0 0 33554432 0 0 0 0 0 0 0 33554432 0 0 0 0 0 0 0 0 0 0 0 0
33554432 0 0 0 0 33554432 33554432 0 0 0 0 0 33554432 0 0 0 0 0 0 0 33554432 0 0 0 0 0 0 0 0 0 0 0
0 33554432 0 0 33554432 0 0 33554432 0 0 0 0 0 33554432 0 0 0 0 0 0 0 33554432 0 0 0 0 0 0 0 0 0 0
0 0 33554432 0 33554432 0 0 33554432 0 0 0 0 0 0 33554432 0 0 0 0 0 0 0 33554432 0 0 0 0 0 0 0 0 0
0 0 0 33554432 0 33554432 33554432 0 0 0 0 0 0 0 0 33554432 0 0 0 0 0 0 0 33554432 0 0 0 0 0 0 0 0
33554432 0 0 0 0 0 0 0 0 33554432 33554432 0 33554432 0 0 0 0 0 0 0 0 0 0 0 33554432 0 0 0 0 0 0 0
0 33554432 0 0 0 0 0 0 33554432 0 0 33554432 0 33554432 0 0 0 0 0 0 0 0 0 0 0 33554432 0 0 0 0 0 0
0 0 33554432 0 0 0 0 0 33554432 0 0 33554432 0 0 33554432 0 0 0 0 0 0 0 0 0 0 0 33554432 0 0 0 0 0
0 0 0 33554432 0 0 0 0 0 33554432 33554432 0 0 0 0 33554432 0 0 0 0 0 0 0 0 0 0 0 33554432 0 0 0 0
0 0 0 0 33554432 0 0 0 33554432 0 0 0 0 33554432 33554432 0 0 0 0 0 0 0 0 0 0 0 0 0 33554432 0 0 0
0 0 0 0 0 33554432 0 0 0 33554432 0 0 33554432 0 0 33554432 0 0 0 0 0 0 0 0 0 0 0 0 0 33554432 0 0
0 0 0 0 0 0 33554432 0 0 0 33554432 0 33554432 0 0 33554432 0 0 0 0 0 0 0 0 0 0 0 0 0 0 33554432 0
0 0 0 0 0 0 0 33554432 0 0 0 33554432 0 33554432 33554432 0 0 0 0 0 0 0 0 0 0 0 0 0 0 0 0 33554432
33554432 0 0 0 0 0 0 0 0 0 0 0 0 0 0 0 0 33554432 33554432 0 33554432 0 0 0 33554432 0 0 0 0 0 0 0
0 33554432 0 0 0 0 0 0 0 0 0 0 0 0 0 0 33554432 0 0 33554432 0 33554432 0 0 0 33554432 0 0 0 0 0 0
0 0 33554432 0 0 0 0 0 0 0 0 0 0 0 0 0 33554432 0 0 33554432 0 0 33554432 0 0 0 33554432 0 0 0 0 0
0 0 0 33554432 0 0 0 0 0 0 0 0 0 0 0 0 0 33554432 33554432 0 0 0 0 33554432 0 0 0 33554432 0 0 0 0
0 0 0 0 33554432 0 0 0 0 0 0 0 0 0 0 0 33554432 0 0 0 0 33554432 33554432 0 0 0 0 0 33554432 0 0 0
0 0 0 0 0 33554432 0 0 0 0 0 0 0 0 0 0 0 33554432 0 0 33554432 0 0 33554432 0 0 0 0 0 33554432 0 0
0 0 0 0 0 0 33554432 0 0 0 0 0 0 0 0 0 0 0 33554432 0 33554432 0 0 33554432 0 0 0 0 0 0 33554432 0
0 0 0 0 0 0 0 33554432 0 0 0 0 0 0 0 0 0 0 0 33554432 0 33554432 33554432 0 0 0 0 0 0 0 0 33554432
0 0 0 0 0 0 0 0 33554432 0 0 0 0 0 0 0 33554432 0 0 0 0 0 0 0 0 33554432 33554432 0 33554432 0 0 0
0 0 0 0 0 0 0 0 0 33554432 0 0 0 0 0 0 0 33554432 0 0 0 0 0 0 33554432 0 0 33554432 0 33554432 0 0
0 0 0 0 0 0 0 0 0 0 33554432 0 0 0 0 0 0 0 33554432 0 0 0 0 0 33554432 0 0 33554432 0 0 33554432 0
0 0 0 0 0 0 0 0 0 0 0 33554432 0 0 0 0 0 0 0 33554432 0 0 0 0 0 33554432 33554432 0 0 0 0 33554432
0 0 0 0 0 0 0 0 0 0 0 0 33554432 0 0 0 0 0 0 0 33554432 0 0 0 33554432 0 0 0 0 33554432 33554432 0
0 0 0 0 0 0 0 0 0 0 0 0 0 33554432 0 0 0 0 0 0 0 33554432 0 0 0 33554432 0 0 33554432 0 0 33554432
0 0 0 0 0 0 0 0 0 0 0 0 0 0 33554432 0 0 0 0 0 0 0 33554432 0 0 0 33554432 0 33554432 0 0 33554432
0 0 0 0 0 0 0 0 0 0 0 0 0 0 0 33554432 0 0 0 0 0 0 0 33554432 0 0 0 33554432 0 33554432 33554432 0
