0 669609830 1180835053 0 0 0 345284509 1216498009 1546619845 1868376640 0 0 919415830 0 0 0 908813725 1992015568 0 0 0 0 0 0 1308897558 0 1128241355 998561298 2008669113 0 0 997950781 236907064 0 0 0 0 1368423574 0 1325895019 1089316566 365030410 0 2008732397 0 0 0 0 2104064561 0 0 0 1547336306 1184015288 0 0 0 1671106259 0 0 0 0 0 0 
0 0 0 9103620 0 753937602 0 1018838855 0 0 0 0 0 172207597 435144157 0 276877956 0 0 0 0 0 0 0 0 2092792347 0 0 1397202977 1729440429 807306325 0 0 0 0 0 0 823650036 0 0 0 0 288010767 0 143711842 0 0 420589799 1921853550 1456398535 0 0 0 0 0 267444122 0 0 0 0 0 0 0 0 
0 0 0 0 1617162129 0 532182692 0 270612859 0 0 414324702 1543348383 640835216 0 0 0 0 1327318453 2123601950 1415036161 0 0 1843146106 0 1990485962 0 0 249748529 678352429 1050828845 0 1471864523 0 0 941543004 0 0 0 680758645 668147974 1402218224 0 64012709 0 0 0 1992803543 714749115 561565800 1968921845 0 960021739 0 0 326128646 0 1198939466 0 157751465 0 0 0 0 
0 0 2143215775 0 0 2038925262 0 1959801921 1293659838 0 0 1189229631 0 0 1034549526 2086960411 0 0 0 0 0 1747226125 0 0 0 0 0 0 0 967186709 0 0 263402494 0 0 0 1617336702 352471786 0 763512892 0 0 0 0 0 0 1106373293 0 0 0 0 469300823 627894161 0 1298292104 1426576104 817026364 0 0 0 0 1537745607 0 0 
1116157047 1359180948 775713199 586010101 0 0 1349522994 0 1239309964 0 0 1593593992 0 0 1620022150 0 512792179 0 0 1140686340 1748021076 1163012029 0 417563792 1300563232 0 1874883770 0 0 1228723034 0 733780450 0 0 0 4589421 249791718 521829897 0 1489101682 0 0 935212026 0 0 0 0 2034110915 538883059 0 0 0 1946869446 0 0 0 0 0 0 0 1513107436 836240779 2025857699 0 
1090428231 1198164603 0 0 0 0 0 1249122619 0 0 625357362 584590612 0 0 0 416199949 180868623 0 0 2127738069 0 0 0 325110442 1396989118 290486330 0 762612906 0 1495561743 568657028 0 546242698 0 0 0 0 0 0 0 0 0 1348713994 0 1390244738 1819931874 0 1571113361 0 0 1551367782 1969119956 1375554328 484087586 0 625059798 774573916 1763934441 0 1901301025 0 1956329732 1970972717 0 
0 0 0 1888988161 0 997401307 0 0 0 0 2030051898 85912281 1526790116 0 0 550286181 2000330685 0 0 0 1544997363 518669239 1853461163 172087631 135120032 1093650219 2073388657 1247132569 0 1896877726 0 0 982774789 387429292 832137474 12917827 0 0 0 0 1044623611 0 0 0 76822526 0 974216260 2077153212 0 1346138749 0 134375909 0 0 0 0 0 0 0 0 2129246276 1857481097 0 0 
0 0 0 1482257341 0 1581812095 0 0 0 1729165907 0 0 1405118325 0 2075229287 0 0 0 0 0 1949865013 435336320 889473595 0 0 0 325307702 0 0 2128651983 0 0 0 0 0 147446271 0 0 870349711 0 0 2017183230 0 0 0 0 0 0 811196790 0 52516170 0 2092026814 0 226174537 0 0 0 0 0 0 728236801 2131595721 1001817018 
1172213312 1115360495 0 0 1661880753 0 850076779 1790083270 0 647711361 0 0 0 0 0 1184288373 0 800581415 0 0 1742571180 0 622252578 378644186 0 0 0 960690233 464721265 697877251 1962507251 0 1813237746 0 539969201 0 0 1390045980 970234474 578245179 0 0 163339828 0 554925821 0 1447653649 0 0 0 0 0 974593948 1252644317 1685718206 0 989128781 251999736 215840191 0 0 30863795 0 0 
0 1483270177 1943265938 0 725832509 0 0 0 764688055 0 879471479 1319613876 0 0 1940001074 0 0 0 0 0 0 1746884782 0 0 0 0 1971048663 0 0 0 0 0 0 0 285876226 0 1978707999 0 0 595912406 0 0 0 163462696 356220543 1708043708 0 0 2130952874 0 0 1659022709 0 0 0 0 0 1999786340 0 281045847 0 0 0 0 
1860401871 0 1550306232 1691626222 1716919706 0 0 543309038 1023992878 0 0 0 0 0 866628327 0 0 0 1111149610 0 0 0 2053146555 0 0 0 364422467 0 0 0 0 0 268492626 0 0 1985412332 0 1328774662 381237722 1459925498 0 0 692655272 0 0 0 157656854 0 2017115142 0 0 0 0 0 0 0 0 0 0 0 0 902971320 0 0 
491490124 303640218 0 927422744 0 0 239864595 0 401849708 0 1427333461 0 0 1584990315 429571414 0 0 1221095750 1640039481 0 0 1002020623 73439673 0 0 790714774 0 0 1693686095 484682449 0 0 0 0 0 273253899 1190689370 1204979911 0 0 0 274907221 0 334335948 0 0 0 0 0 40843093 0 1980708094 1042863716 0 1585159281 0 0 0 0 0 0 2122656342 1834299724 0 
1852021813 651931392 0 895227536 0 0 0 0 0 899524551 33779733 0 0 0 0 1950762651 0 0 0 0 0 0 0 261212402 2029100276 0 0 1173736622 443160548 1744635630 1106695636 0 0 0 0 2105994677 0 0 0 0 0 0 0 0 273801540 343815350 1826866674 896711627 0 0 0 0 0 0 0 419165834 0 1519740064 1592902457 468244640 0 0 615943354 0 
1865022993 0 0 0 0 0 0 0 674175813 663604227 0 0 0 0 0 0 0 0 1398028097 438768026 0 859948607 857933860 0 0 303352669 162632084 1349097070 0 778575439 567588844 0 0 1892075295 0 1184556569 727032912 0 66918215 0 1100468935 972867532 0 0 1558199875 0 0 1459418695 0 1408269303 0 0 0 0 1522289322 352939285 0 0 0 1767456717 0 122141552 192979529 605974593 
0 0 1790531162 593766111 1287085264 0 0 240070551 682833261 0 0 93549488 0 0 0 0 1618985925 0 0 0 0 0 2092659473 0 0 0 0 0 1769353733 0 1621349362 1636086932 0 0 82369395 0 974362605 0 0 1657195866 0 0 0 2074639236 1130851506 0 2033855497 0 0 1673489989 194590323 77242041 0 139766148 754056186 0 0 0 255182848 1408848414 0 0 0 0 
0 979821094 0 0 0 1932362180 0 0 705013416 0 815891471 1835864922 89528212 702263320 0 0 0 485325382 0 0 0 0 0 264586212 136603691 0 0 0 0 0 262843984 1133684744 0 1475546696 0 0 0 284045755 1054157684 0 0 0 0 1454355938 0 0 0 0 282396711 188005754 0 0 1421249692 1725306200 1172074454 1557853383 0 0 1087583571 0 1121428109 1350427555 0 0 
0 69462836 0 0 353508591 0 0 0 0 0 1025208607 0 0 734026608 249756895 0 0 0 102679734 195798407 0 0 0 0 0 0 0 0 0 0 0 0 0 1866482349 0 0 0 2123489236 0 0 1239212688 1649630046 84234403 0 0 333991299 0 0 5562852 0 1354003776 0 0 0 640848004 0 1653923632 0 1496652940 1550619252 0 673061607 2125805476 1339165524 
392060308 344940236 0 0 0 0 0 0 371818483 132133480 0 607991490 466124779 1059364943 0 0 509243639 0 1874128236 1233876524 0 367492593 0 0 0 1132974673 0 0 1806036280 0 0 0 1165726559 0 1758419668 0 0 0 0 0 0 464029583 154036876 0 0 0 0 0 745467074 0 1119031042 0 822918170 0 1970201221 1198918766 0 0 66541061 1546880081 0 0 0 504211301 
0 1208429042 0 2047077896 0 742747286 1593123283 0 1206776869 1747160159 915326073 582687747 0 0 467842265 117893673 2099532639 0 0 0 0 0 0 0 0 0 1482466317 0 0 932475691 979361689 891639566 2140904733 0 791233814 0 0 236873449 1518917941 0 1984033609 0 0 1356460208 0 1675332246 1474353881 0 0 2123119887 0 0 0 0 1245050577 0 229745552 580033246 2058935853 0 0 0 0 1505930023 
0 0 219131600 0 0 0 0 0 2024809907 0 1361291124 0 0 0 0 0 0 2054026392 0 0 0 0 0 473090508 0 0 869108281 0 0 9281972 0 0 2088173126 0 0 0 0 0 0 0 325023764 0 0 0 0 0 0 0 0 0 0 0 320266751 0 536371051 618827676 0 0 0 1998377543 1414761305 0 766471198 0 
0 666165839 0 0 174780051 1578222565 381364394 499803815 905831390 0 1169085730 0 812007268 1149864053 1601169351 631942854 1751603125 1244170897 0 0 0 0 0 0 0 0 0 0 130074277 0 0 0 1219331171 0 0 1394111222 2007478705 729357395 0 765826447 0 0 0 0 0 0 0 0 0 0 0 1672192646 703772492 2137100783 1607992884 1193362624 0 0 0 945319208 0 2062548986 0 0 
0 2116480805 0 0 698354552 0 970142984 178842725 0 510087356 0 0 0 0 0 1889002052 0 0 1413711050 1571726996 1951694498 0 617605973 0 121423655 1567836387 0 0 1482901725 0 0 0 0 0 0 0 0 0 2031973581 0 0 355828098 0 868003864 1751604559 1215734781 609522268 0 0 0 2043802412 834539346 0 0 0 871393611 0 871286468 793185967 0 0 0 0 0 
0 980974851 0 2015592728 0 654495410 0 1051976713 1010323509 0 1919980577 0 1932758976 0 1086519835 0 257768868 982838599 1650143170 0 0 0 0 0 1827941117 0 0 0 0 0 654397705 0 0 1424403182 775152600 318836607 0 0 1370813320 941738454 1361656692 0 0 0 0 0 0 0 0 0 0 0 0 375002281 110894514 0 899837037 0 1692346922 0 0 199260979 0 1092948683 
1623664162 0 1411785290 0 0 635114962 349333913 0 0 1905516787 0 0 0 0 0 1731309861 0 1435239172 411163563 0 0 0 914270500 0 0 0 1574461181 1795491313 658394754 0 0 0 1892466203 5257990 0 936193864 0 0 0 0 0 0 0 0 0 0 0 651376160 1507226729 2045263404 1610822822 0 419837833 377609674 0 1753526790 0 0 1401534455 0 357960654 0 0 0 
265145 1171884200 0 0 1063388840 233231644 0 0 979642589 0 0 945938457 0 0 1597314618 0 0 1060653792 793769665 419950383 1438263466 0 0 0 0 0 1622661472 0 0 1104891296 1999326170 0 129291848 0 0 0 1124211241 0 1905607309 0 1019961836 0 0 1284003885 476173054 352139609 0 0 1412793401 1701558681 0 703573220 2080424076 922229514 0 0 0 306274312 0 1624808984 0 0 900125619 1540457457 
1963084164 816080351 0 0 0 343778159 0 0 0 1798490579 1800469770 1193791474 3146540 0 0 1415939942 0 0 2119513162 0 1341058933 0 0 0 1109400314 0 0 0 0 0 1913539731 1479636816 589380439 0 271964926 0 0 1168146865 0 0 0 0 0 0 0 0 90756631 0 0 0 0 0 0 0 0 0 942353821 0 200911087 0 0 0 0 0 
0 0 459485385 0 1231171433 1061835757 279790005 0 0 0 0 0 0 815898549 0 1122051247 878684694 0 716464369 0 98452881 0 0 1040806702 0 0 0 0 0 0 2022952001 2058981665 1353797384 0 925664510 0 1396789496 0 0 0 0 0 0 0 0 1469040369 0 0 1217071161 0 0 0 0 0 0 1781278507 0 1708560271 0 0 0 1158614316 0 0 
1493568055 1837943000 0 0 0 0 1309352001 693089728 0 0 1211478999 0 0 0 0 0 913857110 0 0 0 2092200523 0 0 1352677082 0 0 0 0 0 1118252396 100751299 0 808711748 0 0 1704625616 0 8903127 0 0 0 0 0 0 18662918 0 1159011438 0 1084683906 0 1762525002 0 209488461 0 0 1547710793 0 0 0 0 0 0 0 220048618 
0 0 1924674234 0 0 0 0 0 1489132979 0 0 0 2059961200 1037293044 0 0 0 2055357279 0 0 2134198466 0 0 0 554240930 669650321 101397953 0 0 641938624 0 353183101 0 2110300653 0 0 2137722936 0 0 1479372267 1674603271 128835336 839684516 0 1166128381 0 0 635764179 0 315837225 0 0 0 0 692123397 0 0 793521350 0 0 1435459974 0 0 1317490395 
0 0 448515739 0 0 699069469 419900095 0 0 0 0 0 244617757 201038560 0 1285008182 516875785 0 0 0 0 0 0 0 0 0 532439216 0 1866937077 0 0 0 0 0 0 221139411 0 177653540 545822162 0 0 0 0 1681855909 0 0 819380443 0 0 0 0 1253771378 0 1757055383 1509103541 0 341553630 0 0 61007059 0 0 0 0 
799352409 0 0 0 0 0 1991459181 0 0 1774272685 0 2068569074 2039399907 457146869 0 0 1441157089 0 0 0 0 0 0 0 0 0 0 0 0 0 0 0 0 0 0 0 0 1258447516 0 0 885236554 709688284 0 777152813 0 934844546 1731398451 0 0 1791931819 0 0 0 1925452889 676119387 0 242798174 0 0 0 983174189 1756663922 309482946 0 
0 0 0 0 0 1031028128 0 1720155351 0 0 0 0 0 0 1220576512 0 0 668038294 0 792272573 0 0 1322570025 0 0 78384682 0 0 0 0 0 0 0 0 0 0 1125673491 0 0 0 0 134897487 1478974173 637032324 68636807 552067037 856937079 0 0 1025815394 0 0 1870813096 1761666898 0 0 0 0 1030076294 0 1647458008 0 0 1024940477 
1260260750 0 0 238450593 0 0 957356849 993980850 0 288847375 1631013175 0 0 340466606 0 2061019744 0 0 1579648964 1089611448 0 0 974727225 0 1486047067 2004803519 0 0 1022935258 0 0 135712360 0 1100820001 0 1998615919 0 0 0 0 0 0 211528629 313797942 669109255 0 227334039 0 0 0 0 1174741900 1446583250 1952246281 0 0 0 0 0 0 2022619679 0 820730122 0 
0 1194893075 711412301 563733776 0 0 0 0 1885168071 1908325674 0 0 845143963 0 0 0 52444097 1272220342 121090684 1499027348 0 0 0 0 0 0 0 1434223845 0 97329715 0 0 1292222790 0 0 0 0 2096051058 1522964781 0 0 1688575484 411952406 0 0 706653692 0 2133964324 0 1769476516 1485508024 0 0 0 0 0 0 924038433 234791179 0 0 0 0 166107291 
0 0 0 0 0 1212740445 1512876969 0 753832282 0 0 0 483999420 578317419 674349536 315389807 0 12373912 1223763168 0 1634572306 0 0 869661872 0 0 0 521641295 0 0 687748586 0 682804935 0 0 0 0 0 0 196613329 897144604 949050761 884482190 0 0 0 0 1727678468 0 772813352 0 0 0 0 1927956170 0 0 0 0 0 0 0 0 1780970015 
0 1486444572 0 0 458759800 0 0 0 0 0 0 0 0 138614964 0 1942665627 0 0 0 260476381 0 633948798 0 0 1914193934 628243747 1898514009 864875366 686954839 1630553027 0 1123190182 969513951 1628105436 0 0 482001016 0 0 284947357 0 1226259287 0 0 1364874251 378287572 0 128818919 0 910582796 0 0 1544531595 1646576541 0 0 127336640 0 28633600 0 0 0 1937481661 0 
0 0 2142601617 0 0 0 0 0 0 0 0 0 0 0 1204281286 1078896488 0 0 0 239683586 0 1834646180 0 0 0 1579559068 0 0 0 0 0 2114171523 0 0 456306014 0 0 0 1952079209 745567410 1473215237 0 1821029777 0 0 877827415 0 0 0 0 693913953 1416589834 2036353915 0 0 0 0 375926258 1678981967 0 52738223 0 0 0 
0 2058979484 0 0 1142367346 0 2123260692 0 0 0 0 0 0 0 263291093 851070943 0 0 0 1530299203 1054560820 609289436 0 583992014 985215694 0 0 0 0 0 0 0 0 0 0 581546966 0 0 0 840943709 0 0 0 0 0 0 1415367398 250290567 0 0 1780589770 777577748 0 1001182662 0 982566009 1900757521 0 0 0 0 0 0 0 
1558298564 38793918 0 0 0 0 895236335 463762478 0 1545240771 0 0 311052652 0 0 0 1831487210 1988486042 811647328 0 0 25733443 0 595458929 0 0 0 274061025 1969701135 814603098 0 0 853397016 1657462246 0 1280013628 1542098593 0 0 743359019 0 0 0 0 920294074 0 2072924368 604297636 0 737088049 0 1592048445 762821492 0 40023726 0 1486527568 0 349196036 0 0 0 0 0 
0 1976586136 0 0 0 0 0 0 0 1373101474 1630837131 1021862926 0 0 0 0 0 1911812077 328907007 0 0 0 0 52943751 0 0 0 1491807296 209735331 1903466264 0 743898118 0 2121127322 672675850 1744232607 0 0 1336214949 0 0 0 0 0 0 0 0 0 0 0 0 0 0 119303740 584141838 1736414842 0 0 1080738490 0 0 0 0 0 
0 0 0 597961970 0 72378626 150391957 698923563 891947059 0 0 0 0 845600623 1494554583 0 0 0 0 0 0 0 0 0 0 0 0 1062969489 451524192 0 0 0 0 1086031532 49103349 886914056 1158410159 0 0 2050357218 0 842186783 0 0 1687787407 0 149304179 0 0 0 0 0 0 1257272385 0 0 0 1372543675 0 0 1199800413 0 438004987 0 
403322263 0 697651743 0 0 136005714 0 1610783818 0 0 0 0 0 0 0 0 442410796 1587535655 1312947008 0 697324392 969238629 0 0 194298656 0 0 1394099069 0 510048757 0 0 0 0 1877347869 1683760736 0 0 0 869203063 0 0 0 0 0 0 1808685562 1921562322 0 0 0 52667530 1943387551 0 0 0 0 0 0 0 1867423866 441654737 0 717097311 
0 0 253374399 0 0 1400435306 956873217 0 1565147608 0 0 0 0 0 0 0 107623075 1725648085 0 2051010627 0 0 0 947899305 15613489 0 0 1883037355 1719685904 0 0 0 0 706025418 0 0 0 0 0 1524124685 1010494104 0 0 0 0 0 590597283 2067897759 522515121 110987972 1971424738 488045765 0 0 0 0 995701796 1131022573 0 0 0 1120528217 0 1734390030 
0 193297895 0 1785530712 0 0 0 2017197215 0 0 0 0 0 0 891613799 0 0 0 1243056196 463399301 0 0 1395722791 0 0 2063599989 0 0 1036644558 186113618 0 0 0 0 0 0 889479188 1515933359 0 2047887840 804077983 0 0 0 1684117210 0 1791583723 0 331288921 887156271 1694205811 0 0 942444955 0 933730433 858561296 0 337680697 0 0 0 463436753 0 
0 0 0 628403950 185648074 955290127 528808142 0 1056222362 0 2026299350 0 0 0 1823662435 1347434975 410072048 0 2111949416 0 0 0 0 0 0 0 0 2134632799 281210763 0 0 0 0 0 0 90428951 1102732174 1177347618 0 0 430275993 958970710 0 0 0 0 0 0 0 0 0 0 621263018 1188213547 692659657 526992723 0 1464289066 0 0 0 0 0 0 
0 0 0 64812558 0 1627236417 0 403429047 438723479 0 1849851094 0 961115858 348740820 0 0 0 0 133274863 1580842981 0 0 0 0 0 0 1694536628 0 0 0 1151263977 0 0 0 0 0 0 539792303 0 1616821634 0 0 389947953 0 0 0 0 0 293338487 631832043 1605721335 1719857714 1457766564 0 992296612 0 0 0 0 1329699589 381152180 0 1728395889 1166243851 
0 44421098 1924488576 0 0 0 0 0 0 0 0 868018308 1942176994 189724268 0 88031834 821556311 0 1807889548 0 1917207740 652702513 0 0 0 1879980108 0 0 1031394813 0 0 0 0 368969416 1761529503 0 0 0 0 962884386 0 550353501 0 645595973 0 0 0 0 927450058 0 0 0 1046736221 1278335393 0 0 1010831853 1352489273 0 0 1925908870 0 0 0 
477959221 0 0 0 353702219 310022780 0 0 860376282 284427123 1850200820 0 0 0 0 0 830378687 0 0 0 0 0 0 0 0 0 597020762 1828779804 0 0 0 2072393928 0 0 0 0 1985904869 0 0 0 0 728919406 151767907 0 1165264386 1166372391 0 0 0 0 0 0 0 0 2120690171 0 884171528 0 0 331122587 0 0 0 0 
0 1966550486 85154879 1014218772 0 1111357113 0 0 0 1864784183 1740790054 858057258 0 543227649 706216683 463155815 1831032284 0 1881568243 0 0 0 0 566905522 0 0 0 1073180725 0 1154060978 0 0 0 0 0 956236700 0 0 1387814753 78559433 0 981121159 936616691 0 1524348808 0 0 1207897444 0 0 0 1609574738 446114956 0 28996613 0 825053744 927024723 1796814085 0 2081085701 0 518456973 0 
0 0 0 646244662 834144278 1103297674 0 0 0 1661420786 1033638207 0 1156770512 0 521697789 0 0 1251330167 398218699 0 1243754710 427215312 0 2068808454 0 1448796394 0 1287842088 0 0 47088309 0 0 0 0 0 0 0 1669629907 802804089 1432845396 555784467 0 0 446678270 0 1378259869 1076395911 0 0 4744861 985903453 56210232 0 907228260 0 0 0 0 0 0 0 1940764466 0 
0 0 0 0 0 331716601 0 0 0 0 0 0 0 1864563469 0 0 1493558389 267836463 1364616445 0 0 0 812735240 1030087200 0 0 0 0 0 68789336 1031072108 174425561 0 0 1400762711 0 24875404 0 0 912376472 0 0 0 1917246575 2062538669 0 0 1408613410 630000228 1513092364 0 554563863 0 0 0 0 0 0 0 0 0 0 0 837639586 
0 0 505139847 1601181865 0 216811447 0 0 0 465146852 0 0 827310617 0 1738455080 0 0 0 0 0 2025503439 0 0 0 0 0 0 0 0 51958101 0 0 133313963 0 341535072 0 0 707609761 1994064969 770077205 0 113319091 0 0 528532780 0 1309894429 309355185 1092760122 1174285490 0 0 0 451421844 0 0 0 0 0 0 0 66600963 0 1097646994 
0 0 0 0 1275800310 0 0 301073276 0 0 0 0 0 1463551289 1245041850 0 490353132 0 889829758 0 0 430839737 0 0 0 0 642717907 160064050 0 0 0 0 0 0 0 0 1998799312 904553028 0 0 0 0 0 0 336678374 0 0 0 0 0 0 246031038 0 0 1549930324 0 0 45164583 609240222 0 914537968 1866951267 0 0 
0 535535493 0 1275747801 0 0 1534217350 480040964 0 0 0 847258180 0 0 0 1989507961 0 1320034643 88055351 0 1422055073 0 0 266129028 0 1413525748 66341120 0 0 0 0 0 0 1425321682 0 0 0 0 1335952753 0 1653313275 1829719531 125645095 378433959 0 0 0 1357926168 972485776 0 0 0 0 0 513186230 1482165910 1783363150 0 0 0 0 0 1178814726 0 
0 717020736 0 0 0 1067502934 0 1295273723 0 0 0 858517135 0 0 0 0 0 0 0 2001695230 4348933 0 0 0 0 1121264334 409101306 1461393290 0 0 337031682 0 0 0 1911360180 0 0 0 0 0 1859456032 0 0 0 367593632 0 0 422789563 300328290 0 277001146 304677223 0 1613378639 0 100627644 0 0 0 0 1941922998 0 0 2099376118 
1967634479 1043047935 0 0 0 0 0 0 1466904655 0 0 0 0 0 109804203 110094099 0 0 414771322 0 0 0 1213644328 439859665 0 0 440509351 508123297 0 1719680754 460015768 0 0 211321806 1156137044 0 0 0 0 376736143 994661690 1594933339 0 0 0 0 0 0 560360334 0 0 0 0 0 0 0 0 1293429691 0 0 0 1223309268 0 1480871838 
0 0 0 344462562 0 0 0 0 0 0 2106433401 0 0 873471352 1428168020 1518864808 55280625 0 0 0 989780112 0 1999420730 0 1930791866 615230582 0 648935015 0 701644873 0 1125687277 0 0 0 1613104304 931922830 0 767626558 662189069 0 0 0 0 0 0 0 0 1764742518 0 0 0 0 0 0 0 0 0 0 1410319036 0 1995070467 0 0 
0 1858672504 0 1428615933 0 0 2090805002 0 391073164 0 0 0 0 1382403367 0 0 0 0 1064632419 0 0 0 0 1279388425 0 0 0 1374079206 0 930746478 805328844 1184437732 0 1849682787 465570017 396989088 1514179639 408891371 980857226 1905252803 0 1204560575 0 0 0 1100371803 0 0 0 0 0 0 1831489787 0 0 0 0 0 11707709 0 0 817036553 0 0 
519235692 0 760390225 0 0 0 0 581987602 0 0 0 1237804674 0 746037166 1855346542 2049427769 1047749262 0 0 731755401 0 1561997664 0 1036196910 352716989 1528575261 0 74182792 0 0 437583929 0 0 1197974155 603295543 1822837803 0 0 0 1590062338 0 0 680383365 0 364852764 0 0 0 0 905545159 0 0 320059175 0 353450965 0 0 1973584684 0 1092961111 0 0 0 0 
0 0 2069965325 0 0 0 469350042 0 0 1149733407 0 0 1537979666 1729829642 0 1862712639 487891154 0 0 807950329 0 0 0 0 0 0 0 0 1264744688 0 0 1499778081 0 0 0 1221647128 0 0 1226883933 0 0 1069703272 0 0 652049266 0 1103874245 0 0 0 0 384043574 0 0 70618157 0 0 0 0 0 0 1687258909 0 0 
0 0 1075208229 0 1058372486 154608514 0 909038073 0 0 0 0 0 0 0 1099247622 0 0 0 0 1950358523 1553909354 0 1164210273 256579557 0 1642806712 1549110425 0 0 1402671525 336339974 0 0 0 0 0 0 1503581154 1709316406 0 0 1438193811 0 0 0 2091653962 3318678 0 1427461510 0 0 0 0 0 1090466774 1371109620 0 0 0 0 1894765076 2055244414 0 
0 0 0 0 0 0 0 0 1757967081 0 1041988223 0 1722236713 0 374173222 0 0 0 0 0 0 0 0 0 0 535100293 0 0 282381721 0 598086390 360059256 0 1346175131 0 2128956111 0 1047256326 31054346 0 0 1073042569 0 0 0 0 0 0 0 0 0 0 11878755 0 0 1986528069 0 0 0 2138366230 0 0 0 0 
0 1273683251 0 0 173455929 70728634 0 0 0 0 0 0 1534173856 0 0 0 442302818 0 0 0 0 0 0 0 805810946 0 1384004006 0 0 0 0 0 0 0 0 1034601377 0 1366172039 1670538709 759037487 1094473316 0 0 0 1310139109 900385022 0 0 0 0 0 0 232279887 0 46896059 1038090833 0 0 0 240176033 0 2137099379 0 1879507710 
0 553624568 0 1296903311 1919796607 0 0 0 0 0 0 0 475884675 16923233 1401004749 1740006044 0 1460144601 393780680 2055377936 0 0 945985121 0 1871576804 0 0 742455418 0 0 0 0 0 0 103926266 0 0 12383417 0 0 1735366718 0 0 0 876031114 0 1803773790 0 231437656 0 0 2043948105 0 0 490668250 214840717 0 0 957296135 0 0 0 916154945 0 
