0 335260655 0 493368771 426038767 1246702808 0 0 0 0 0 0 0 0 0 0 0 0 0 0 849082980 0 1879269299 1256300929 0 2091997995 0 0 0 0 0 0 0 529327910 0 820287961 1776030718 1271902796 0 0 0 0 0 0 0 0 1795568762 0 0 0 0 0 0 500992669 0 0 0 0 1614432918 1633365094 383921130 0 876500724 0 
1948530001 0 1598458286 0 0 0 121260488 0 1681923828 1855827835 0 1727100030 2142499615 0 0 0 0 1874886869 832905961 0 0 785209730 0 0 1110142320 928081926 159784353 0 199800369 0 0 0 1649290204 0 0 0 666758949 0 0 0 0 1260260595 1928299160 0 783187337 886495364 0 1247416026 613898585 77386225 0 0 862595955 1860876387 0 0 0 0 0 841275034 0 0 842121757 0 
0 272561904 0 1686551919 1971746187 0 1887751049 0 0 1668566561 0 0 0 1878815711 1834619831 0 0 0 0 0 0 0 0 0 760983161 1815886948 0 1325766327 1112471505 0 0 0 0 698176601 0 74484906 1389416121 1411600148 0 0 932683061 0 0 1340261338 0 0 214254552 0 1554652493 0 0 0 0 0 0 0 0 0 1102293157 0 0 0 1119233166 0 
0 0 0 0 0 0 1480707221 0 39015242 1113859968 0 0 0 246914068 0 0 0 0 1196242890 1340483628 959755635 0 0 981736468 0 0 0 540030862 0 1087938324 0 1464327683 1731020589 0 1751602315 0 1180591294 0 330617532 1219606536 0 0 635597910 0 0 0 326668852 787647428 0 0 0 0 0 0 1784953908 1998502679 1169477833 0 0 1588463358 0 0 0 0 
730911226 0 1915870039 0 0 99003923 983625409 0 462280972 0 2130805265 1072472089 0 309990469 0 0 0 1840766926 0 2053762014 0 0 1904781045 0 0 148347291 1401398688 0 92038398 0 0 822949624 668648493 0 586968497 115416793 0 1570593906 1760870951 2048267659 0 0 0 1898840598 2054183038 0 451325777 0 0 1954512043 0 0 947684922 0 0 0 1551524656 236966762 0 0 0 0 0 1064837688 
2046074395 905997528 1180254481 1484577434 0 0 1385361445 0 390350705 211133897 0 0 0 0 2036651697 1276201114 0 0 0 181353760 0 0 1875870627 194782743 1518852342 0 0 0 0 0 0 0 915888708 2012650058 0 0 658808195 1896503495 0 0 0 0 1346208995 857179611 0 0 0 0 0 284730935 0 0 0 161802542 1608465890 937985209 878168428 0 705543098 0 0 1537938675 1180190562 0 
1403105085 1691332613 0 0 0 0 0 1400506205 0 0 0 106753177 1397690923 0 0 2020632336 0 0 0 0 954033087 0 0 1832201515 0 1443491354 0 0 0 871050728 0 89567818 0 0 0 0 105730436 967585983 0 1341574296 1129899863 0 0 380107138 0 0 0 0 451889351 1540087663 0 0 140418093 0 1090640306 0 1529325312 0 1248954255 0 0 387972579 0 2067450892 
0 0 0 955342115 0 0 0 0 1954487339 0 639462652 0 0 0 0 1709308396 0 0 0 0 0 0 0 0 0 1714771406 0 0 0 6207705 0 804872016 0 0 0 1592500318 481185322 1909646894 1851855832 0 0 343834836 0 469858880 0 0 0 1521875809 2096659470 0 0 52397953 910334659 265949900 0 1602738975 0 0 1800210843 0 0 1917649955 0 0 
1662824817 0 1152582633 0 2115747389 0 0 0 0 0 0 0 0 0 1811735129 1575447805 0 1611867878 1627845759 1592011561 1877817778 1165307508 1047266888 0 403621098 699994083 0 0 470160390 0 0 2132985207 151540291 0 2129511699 119804033 0 0 1447991258 0 0 0 0 1440016224 0 0 0 1462476704 1837046844 0 0 0 1513650000 0 0 0 0 0 0 976942332 0 0 0 0 
0 0 0 0 0 0 475792216 0 1098867995 0 0 0 1261898668 1185472697 0 0 0 2101665472 0 0 0 1502311954 669768992 267751624 0 0 0 0 861337035 0 846315833 1995782576 0 0 0 0 0 528815197 0 497821128 0 0 230005278 0 0 1424666133 0 1982114286 0 0 0 0 1357599280 0 0 0 1492080008 504779572 0 0 564433772 0 0 0 
1706718017 107255305 0 0 0 0 1603492278 54121752 1992062038 1833497556 0 0 1110680042 0 127508124 342044352 0 862120304 1481861992 1430886412 0 0 478852897 0 0 0 0 0 0 0 0 0 1978518863 0 0 467105717 0 0 521227469 0 0 0 1440379345 0 0 0 0 0 282524126 547758893 829988842 401541955 0 1308841740 0 0 0 1682187378 52627341 1055702417 1405967288 1284864560 0 1237002503 
0 0 0 0 1261940745 0 0 1022596899 0 1601873414 0 0 1022277236 959829996 0 1304801362 0 888057753 0 649811743 0 0 0 0 0 0 0 0 0 0 0 0 1815572317 0 0 0 1236165948 0 0 0 864682118 0 1080799962 0 511422110 0 0 0 2026926627 0 521339095 0 0 1560100874 0 1133355742 504006346 0 1498042573 0 0 952248260 0 0 
0 0 0 1199244466 0 0 0 48904257 0 554394263 0 86923067 0 0 0 0 1435793768 479789514 0 1462946318 2039890388 0 448818412 0 0 1946860986 1129189464 1194836303 0 0 0 714704116 1870701701 0 0 1054923840 0 0 1103828097 301749048 1941937146 0 0 0 0 347122534 0 0 826912048 0 0 719318788 701350677 0 0 0 0 0 0 0 0 1806464608 2043163347 0 
361320207 0 677384203 0 0 0 0 844141016 525936713 1777989461 0 103318156 2125111995 0 0 804540396 1364333500 0 1523859184 2065684177 75103896 0 0 0 589545102 0 1980396759 0 0 0 0 0 0 0 0 0 422360629 0 0 0 0 1468939981 0 0 0 0 0 1783102938 1465756468 1507900562 0 0 2000007973 0 45314246 0 0 2025711005 930856838 0 1754303816 1042104611 1239315985 1145041260 
1830736588 0 1585466222 0 0 722548552 0 0 0 0 0 0 0 0 0 0 0 1799697082 0 0 1399772667 883115411 1308125236 221511911 0 0 0 368162937 0 1310695407 1513204197 0 0 0 922469547 0 0 1976380458 0 0 0 1735954906 33030886 0 0 0 0 107633665 0 0 973689474 0 783464929 134331063 1404922513 0 225829489 0 0 1359432527 0 0 0 0 
0 0 0 0 0 0 1326386195 0 751720684 0 332718337 0 0 1542750337 0 0 0 927146004 0 0 0 1715328983 0 0 0 0 0 0 520583357 528060293 0 0 0 0 211623651 0 0 0 679133050 0 749943279 0 0 93301212 0 0 0 1850217932 0 0 0 1412024874 1246032534 0 551847783 0 0 1051103219 0 0 0 586625359 0 0 
0 0 0 1463146680 1373307300 0 0 2123250579 0 0 69068143 0 0 1436848872 0 331163974 0 458205400 0 0 0 147552984 0 364022434 0 0 1532202219 630336067 0 0 0 0 991173476 0 0 216997128 0 1320489729 0 538127656 0 0 1511783351 0 0 40689682 42000586 0 0 0 0 215321089 0 0 0 0 0 0 1614251042 0 1119938116 0 0 2111111592 
0 0 0 0 0 373389131 0 0 0 1299039230 0 0 1339728913 0 705168609 0 0 0 0 385422399 2083668390 0 0 617504308 0 0 0 1569805169 0 0 1533433113 1121760977 1857720470 0 370889200 1189637019 2087447316 158145080 0 575185002 0 0 761603762 0 0 0 340569923 0 609308489 247031359 972791487 0 0 0 0 0 0 0 0 727489125 339960422 2138458007 0 0 
0 0 1239834264 0 230800735 1491608277 0 0 0 0 0 0 153590052 0 1090930445 762898542 777532255 0 0 0 0 323905665 0 0 0 0 0 1452500154 0 0 1502697398 0 0 0 0 1874345449 0 269346582 0 0 1103647912 0 959089898 0 2135278716 2050020343 0 765327323 0 0 0 0 0 673800549 1071291957 0 0 0 1922506535 0 0 0 1517654096 1859881040 
0 0 0 1811940944 0 0 119985837 0 0 0 0 299195280 0 0 0 0 0 0 0 0 1866535403 1801337844 0 1543465497 0 0 0 0 0 1732153591 0 1708766619 0 0 1373223915 1135139100 0 0 2074953057 980284274 0 0 1279479554 0 2046742464 0 0 1002524580 1389253364 789363917 1463256994 1108305119 0 0 0 0 952273822 718786464 1553124659 788272141 0 1928643486 349555112 0 
0 0 590084914 264821921 0 0 0 0 494592007 0 752237591 393850823 573620612 811555621 1396375403 0 1600919539 712148749 0 0 0 0 0 0 2146768880 192298239 0 302741640 0 901278317 1905171102 0 0 347772368 0 0 865326691 1079324053 0 0 0 1643139740 0 0 0 1002661277 0 1908131252 1714810026 0 1804785257 0 2049631311 0 0 0 0 0 204174536 0 0 0 0 71529902 
0 13328948 0 1174961049 1092653001 0 0 0 0 0 0 0 996343250 2129595721 0 0 0 0 0 505908632 0 0 0 0 0 611516064 0 0 573378054 0 1886742876 883012412 0 0 0 0 1715895188 297885913 809980216 1571578511 291567887 1094138843 0 0 1076250916 0 1851580766 0 1238860437 793754016 0 0 0 0 0 0 0 0 0 0 0 0 366201279 1813633467 
0 0 0 429406770 0 884514744 0 0 0 1587975180 0 0 1098507720 0 0 189884509 504423517 0 0 529789115 0 0 0 0 131319776 0 1464647687 481737889 0 0 147887708 0 0 222422236 1189325148 0 1106936981 1042826782 0 0 0 1407350692 0 1581826034 1118020193 0 0 1622443710 616379183 1077774928 0 0 161079350 0 0 292399127 0 0 0 0 375048071 922024724 0 0 
0 0 0 103900294 0 0 0 105817360 0 0 0 0 0 0 2123363507 0 242161570 2128112684 0 0 0 0 0 0 0 1469777064 0 0 0 2103005728 1516354016 0 682677992 238608266 0 0 0 0 0 0 0 2098637793 245460227 0 0 0 0 0 201969122 0 1908426927 0 206743673 0 307570451 0 1926360391 725261767 46711021 23194884 680783847 1563065037 1411959985 0 
0 757141733 1668638877 0 0 0 1907854561 0 2030787421 0 0 0 0 0 504030568 0 1426338507 0 1244415517 0 0 0 498543667 0 0 0 0 0 2108319726 0 0 0 0 0 1778339865 0 0 0 0 0 1544541918 0 0 1771713145 0 0 53369847 0 0 0 0 0 702287685 0 0 832051773 790435136 0 0 0 664708771 0 0 1209955644 
0 0 0 0 0 0 59772934 0 66300681 0 0 0 0 610521559 0 0 0 0 0 0 0 0 1295162733 0 0 0 0 313057665 311920981 1061859195 1523013309 0 0 127579225 0 0 545810061 0 0 0 706891538 1937466584 0 142137328 0 0 855850500 0 1878792579 0 0 1032648475 193849846 0 0 1989682388 0 0 0 874317592 0 1678269714 255562117 0 
0 333444819 2093282320 0 0 0 816286094 0 0 0 0 0 0 0 1677928745 883339672 1450600758 154883828 1915988147 0 0 0 1486649344 0 0 0 0 857339412 1172691815 1619277965 0 831057106 1952722784 0 0 0 1627657643 1851518552 1454331587 0 33432163 626977261 2112871450 1185462904 0 0 0 0 1798200376 0 0 1725202021 0 0 0 705729545 436628947 0 0 0 0 1918814384 0 0 
0 0 984205522 0 0 291053461 149319305 1065593746 0 0 103573003 1573504159 0 0 0 1408740383 1862199007 0 986458756 149982792 0 1053575384 855712337 0 0 0 1828325116 0 42628383 0 0 0 0 784138809 0 0 0 0 0 1993222992 0 0 0 0 1380598983 803854561 0 1095314342 1791506769 1938317608 1245297135 0 844409345 0 0 0 0 0 0 267451855 0 0 382955074 0 
0 51507123 0 0 0 0 0 1949440589 1248740162 0 0 0 0 0 1577169840 0 0 674983327 0 932177568 628509151 0 0 0 0 239428393 0 0 0 1503739552 1945394015 0 1555246675 0 955417239 1424625154 479326186 0 0 0 0 0 62438198 0 0 0 0 0 167107717 1618037297 0 795616868 0 1854565038 0 0 2093993431 0 0 0 2125989873 1077947119 1429507984 1533752901 
0 237441575 810894407 0 823779792 0 0 312798841 461650359 0 0 0 1278711671 0 139118472 0 0 0 0 0 0 0 0 0 0 0 0 0 0 0 0 1524126324 0 0 0 0 0 1096874493 0 744981872 0 0 2075224000 0 0 0 0 1979370847 2094514857 1406978146 0 0 1002396598 0 0 1220065371 123596522 0 0 0 0 998684622 0 0 
0 880334384 1679895539 0 0 2128976021 0 565703356 2086409789 200593371 432909506 0 0 0 0 0 0 0 0 2007826139 816642474 964300579 0 940238996 1972868707 349164585 0 2056497108 0 283846972 0 0 0 0 120259988 993906586 0 0 0 905457763 593706378 0 0 0 0 933964563 0 0 408949523 0 309259229 0 1788710948 1389667092 0 1614096007 0 942068991 0 0 0 0 1531586079 0 
1813292426 1651846067 0 632340400 0 0 0 491181805 493682354 0 1352340379 2084653199 1328046642 0 386086289 1736996166 1104909079 0 0 746136379 2085012611 0 0 1676360641 1775520852 0 0 0 0 0 1096566840 0 0 185603450 0 0 834250004 0 0 1327932358 0 1097536693 0 0 1378035404 0 0 335460835 0 0 1081597215 0 917805397 1294345953 0 545842602 882720511 0 0 1299348245 0 348878962 0 0 
534482412 0 743744157 1368732416 54169452 0 0 0 0 1814283036 0 817028919 0 0 1152489755 0 0 0 0 0 0 0 0 0 0 0 0 0 0 0 0 1186003517 0 1524300045 407252285 0 2013240515 0 0 0 0 0 0 1941220388 941833877 1274269057 1310774396 0 0 0 1033003317 0 2135980149 0 710524145 1441099470 0 0 0 0 628410375 1512481597 2076016453 0 
0 0 0 0 0 939349143 59805245 1915451304 0 0 1709188044 1173204765 0 872478792 1701720664 0 1689386228 0 1263580343 0 0 0 0 0 0 0 0 433606098 1068422210 0 0 0 0 0 565291419 0 0 625096664 0 417089587 806681211 390319596 0 115051168 1262798388 1144531368 0 0 0 2047873848 335100050 107378076 0 0 868959930 0 0 0 2113296510 0 1953198670 1626742852 0 1721627709 
0 159005753 0 0 784102417 1463406804 0 1590783629 0 0 1705834797 0 2063262767 0 0 0 0 0 1754928897 0 1267957114 476405179 0 2130496329 0 0 0 655191275 0 1507688441 229335336 0 0 0 0 0 0 0 1894096593 0 1126436688 0 0 0 0 0 542282981 0 442950963 149728230 2008173148 1710908077 626133409 1510425809 0 1475609662 0 0 0 0 820616009 0 1893736842 339826556 
0 0 0 0 833226726 389752465 0 0 0 0 0 0 0 0 1380452560 775516268 1546406786 1241142061 0 0 0 0 0 1582575553 0 1483983499 0 0 1696636125 0 0 0 1880166243 0 0 0 0 0 378089088 0 0 0 0 0 481679571 0 1837455002 0 0 28912051 2053142905 1506876990 2061773507 1406325467 941968895 0 742825318 0 1279000268 0 0 0 0 1290204260 
0 653187901 0 1883791950 0 0 0 113478254 0 0 0 1800883257 0 0 0 0 0 0 1175183399 0 0 0 0 0 0 1200185756 1880790157 0 690450318 0 0 0 0 681417718 0 0 0 1741575431 801987332 0 0 1977404320 1740740036 0 0 0 1426742065 1589609407 0 0 250716012 0 0 0 1001719688 0 0 0 379239494 0 1386242547 0 0 0 
0 2016566910 1231672228 654098090 0 2033659560 593954869 0 1863580232 187211257 0 0 1461953613 0 2001015005 0 0 0 0 0 0 0 774032086 0 0 0 0 0 0 0 0 0 0 0 0 0 0 0 0 0 0 0 0 993510741 1420207293 0 1022384638 0 16094559 0 0 0 907666772 1924881149 0 0 930669082 1356285955 0 0 0 0 0 104810907 
0 282651855 0 0 0 0 0 0 0 0 0 1598973377 0 0 0 0 0 1675811738 0 398799219 1453209240 1010303938 337509451 0 0 0 0 2088854869 0 909656172 0 0 0 0 367963720 0 0 0 0 0 156409950 0 0 0 0 0 0 0 0 1060268984 0 0 2070572922 0 0 0 0 852126099 83566740 0 0 129748869 0 0 
0 1531821343 0 228043170 0 0 0 0 0 240225642 1912898383 890592004 497024418 1755859334 0 0 668644671 732925344 0 0 0 847734524 0 0 0 0 0 0 947245074 0 0 1073707957 683601209 1599194653 0 0 0 0 0 0 0 0 1532291586 399907082 1596018457 0 0 0 1803834171 0 708913425 0 0 0 0 455173610 0 104114516 1769332857 0 0 1742615107 0 0 
1194326112 1288075959 0 0 0 0 0 0 1229108749 0 0 0 1199742828 1935581094 0 856093351 0 0 0 0 0 598411749 1201129803 911951154 0 0 1972051677 0 418110471 0 2045399887 1612436583 1098968819 0 0 0 0 0 0 1682696207 0 0 212856118 0 0 0 348492010 0 0 978195135 0 0 0 0 2074978833 0 0 1899546862 0 0 0 2135470036 0 0 
0 1713537710 564143046 1653695325 0 0 0 0 0 0 0 831820040 0 158389688 0 0 1136584823 0 0 0 2004251867 1716414348 0 0 1468477562 787427708 506301169 1031433637 0 0 1693358532 1975521963 0 0 0 2095973066 1429994773 523157877 265988437 0 1924921879 0 0 39397742 0 0 0 1370860626 37683148 306724740 1936568685 0 0 0 2014414474 0 0 0 228082992 0 0 0 0 0 
0 1211572710 0 0 0 1163915544 0 0 0 927028661 0 1474077462 0 69372139 0 438358966 0 486539477 0 0 972982074 0 0 0 0 0 0 1451280966 1597926192 0 0 0 942581265 0 648388931 0 0 279236708 0 1407395671 0 0 0 1606941186 0 1431443926 0 0 0 0 2143301274 0 0 1591702949 842850562 0 0 0 0 0 0 0 0 1517609869 
0 701437443 2047438074 0 0 1941951449 1139041630 0 1240547737 0 1646397059 0 0 1544213563 0 927491150 0 348399097 0 0 0 366339895 0 0 1210359944 0 0 0 0 1832484688 0 1492629800 0 1055469195 0 0 0 0 0 0 2088864856 905481919 0 0 0 904098720 0 0 0 0 2134776987 1045116215 0 1048359242 2105922231 0 0 1737874759 616474178 0 0 1771988947 0 0 
679974495 0 1028943271 1529911491 0 0 0 0 0 0 1875183637 0 0 0 0 2033542715 1155433181 0 0 0 0 889613866 1902211793 582539375 480004977 0 632713550 1902880777 2143191270 0 0 675682117 647629961 0 0 0 0 0 0 0 0 0 0 41529967 0 0 0 0 0 0 0 0 0 0 0 0 0 0 0 1646881043 0 1401008056 0 0 
0 233189473 0 0 1764212011 0 0 0 1311281089 0 0 0 0 0 0 0 0 0 1994990218 0 2016779185 0 0 0 0 1370671090 0 0 0 0 1013790546 0 0 0 757785556 0 0 0 2069560782 0 0 988304181 0 210828007 0 0 0 1687217013 1565926588 0 993208300 0 0 0 0 0 1750770189 0 1236373598 227482039 0 102680496 0 156187695 
0 0 0 0 0 1123128531 0 0 0 206792819 0 0 0 0 1485802692 0 0 0 0 694333486 711626443 0 792663504 0 0 0 542395024 1106426317 2131717599 0 0 0 255442898 316181761 188646180 0 1439310292 925369281 837093895 0 1132162100 0 0 0 2080911366 540164078 0 0 0 217036771 0 0 0 1778871102 0 0 1660424556 0 0 0 1386910234 1219783937 0 0 
0 2145332788 2031376662 827792342 0 0 83568050 0 0 1285413085 2075970294 2923248 1825577163 403430679 0 549784938 0 0 2133102804 0 0 0 238548003 0 0 0 2069991827 0 0 1879194786 911288305 0 0 0 0 652778700 0 0 560675574 0 853273746 489162220 1588587008 0 892592900 1883384367 0 0 0 0 0 0 0 0 0 0 1187647028 0 101581474 0 0 1012869780 0 1738411003 
0 0 243706055 0 0 804381629 0 0 1293543849 56019154 0 0 0 0 1551713452 0 0 0 0 0 0 797787748 0 189703381 927443686 0 0 788810763 0 1905017791 0 0 501475917 0 989454461 0 0 0 1978354534 573886003 0 0 0 0 9942678 16768909 0 1706826030 0 704291174 0 0 1502078922 0 0 282038961 0 0 0 388496396 0 0 0 0 
0 1190669636 0 0 647556243 914667471 0 0 0 393315629 0 0 410084538 0 0 584464348 0 0 0 1785308919 0 0 2067347880 1109071607 0 990713956 0 0 0 0 0 220366517 0 0 0 1389525409 0 0 0 1471070987 0 1015275052 0 11433731 0 0 595898079 877443872 1414958051 0 0 0 0 0 1249272549 769870523 1425847332 0 0 0 0 1003053492 1940032000 892625601 
1264958853 0 0 0 0 1684654776 0 0 0 0 0 1146660055 0 784003605 2024103927 0 1140802196 0 0 0 0 1541906477 1394511366 0 0 0 1825051966 0 0 1617600319 0 1192501131 0 1171729133 1486549170 0 708900261 0 0 0 349848096 1777505632 0 0 0 0 0 1554827785 0 1679873594 0 0 0 0 1461441834 1068076157 0 0 0 0 609126824 102090447 0 0 
0 810094064 0 1982719842 0 0 1096582636 0 0 0 1351449740 197741229 0 0 1752569014 2023281166 0 0 1231852869 0 0 0 0 0 0 1330996963 1693079236 146464385 0 0 0 0 0 157290469 394659537 1593513157 0 0 0 0 700864010 914122309 0 0 0 2045010010 2070910143 1628923773 0 0 679332253 0 0 0 2012715227 1238427982 0 0 1384892367 0 0 0 0 106685843 
0 0 0 0 0 1262871570 1393379998 0 0 0 313268361 0 0 0 1016278424 1117944064 0 0 0 945580994 0 1581339045 0 0 0 1421417695 1741691743 1419617509 0 0 0 0 1789065903 1079018704 243232377 1353841277 194406626 1636612375 1619480661 223916858 1174949721 0 1758755157 610813429 0 627549934 1728757494 1413934452 0 1297381312 0 0 0 248557127 0 1723402921 0 0 995536782 0 0 0 0 0 
0 0 0 0 0 331089060 0 1626177478 0 1482970184 0 0 2110520118 0 0 138713434 968162418 1764280915 0 1699399127 0 0 0 0 0 123371534 1162160076 0 497728020 0 0 0 0 32860122 1451401379 1146869867 363949182 0 625563698 0 0 0 0 474139413 385852064 0 0 1354014482 0 0 0 0 0 0 0 0 0 0 0 654864267 0 1429550671 0 484726247 
1462410793 0 0 0 938017967 0 0 1449120910 824747122 0 0 1210599186 0 388629524 0 0 0 1323059981 0 0 0 0 0 1513960941 1043304084 697346484 0 832388221 2126897155 0 0 1441824300 242226951 0 1120700628 0 0 0 0 1735650221 2057678798 257658857 0 0 0 1215895780 1152740117 160621424 0 0 309887319 0 2087401548 898934855 0 0 0 0 0 1575694846 1615941052 0 0 0 
0 0 0 0 0 0 0 1033328203 0 0 0 0 0 749961797 0 396703991 1849600316 599783788 2145000799 0 1498718644 0 0 947516335 0 293383110 0 0 0 1245763033 0 0 1089015512 170994302 0 0 0 1605549843 0 1026792421 0 0 1156067466 0 1445176598 1445963935 0 1147293266 2045747724 0 789327835 0 0 1414584388 197015407 0 1707967498 572742941 0 839107986 1818505974 856999181 0 0 
1027993483 1076728645 0 0 0 0 0 929680781 0 0 1329798598 0 0 2126620406 0 1803919843 0 1704741080 1053418915 532622282 971841820 1250434322 392692115 532325670 0 1969626269 0 0 0 0 0 0 2057395089 0 0 0 0 1435075244 0 0 1894767075 0 0 1652939194 535838771 0 0 1309314488 0 0 0 0 0 0 0 0 0 0 488154537 0 979186744 0 148081300 0 
0 132048530 0 0 1567123774 0 1262645768 0 1117409895 60377892 0 0 1921006910 0 815079507 0 0 509532630 1433654333 0 0 0 0 0 0 0 0 1038448022 0 0 1927546208 1118709137 0 1113867027 0 794165347 0 0 0 644501157 379799124 780951649 0 153322386 0 965345683 0 0 0 630902782 475097763 2071556181 0 1131862836 430038261 750905037 0 0 1789353060 0 0 0 840352216 1993951914 
0 0 0 0 216548911 0 0 0 0 0 749670421 2145380303 0 2094402519 0 0 0 0 0 0 417144892 1504508738 2020370450 546443690 0 1662239862 0 1500885435 1084171834 0 0 0 1005566666 0 1682861095 0 0 0 0 0 1100426461 0 1822796998 0 367569257 0 1926344034 945390911 0 0 0 0 210355953 0 0 0 1602499341 0 0 0 0 0 11674713 0 
1633073848 1694535809 0 2075300028 1937304675 2009556247 0 0 0 1428030074 0 650292243 2061011366 1445053967 0 0 0 0 0 0 1603315308 0 1453071829 1058331001 0 0 1597518529 0 0 0 1278861033 1028965046 0 0 956781426 0 1332026266 562014502 1836313920 0 1990044577 1355023852 0 1903572295 0 1713241000 0 0 1228813182 0 0 684644843 804130257 0 1742975844 855636547 221145333 1193010725 1018036875 0 654720320 0 0 0 
0 0 0 0 17313857 0 0 0 0 388733995 0 0 0 1351326794 0 0 1106405814 0 1867949373 1910536071 0 0 0 0 508968647 1636725845 287799882 1163688967 1786140106 933801458 0 0 0 1436719549 0 406414671 0 0 266289457 0 0 0 0 0 0 0 0 0 0 1432623031 0 0 748580953 574243244 1313714044 0 63485442 1601513926 273754920 1849625548 0 0 960166285 0 
0 0 0 0 0 0 1218793856 0 0 0 0 0 684895999 1728132861 610487458 0 0 0 0 0 1140284977 687409761 0 0 0 0 905912319 0 0 0 0 489278252 0 342067899 467054797 1653457526 0 1685848653 0 0 0 0 0 694101678 737205075 0 0 0 423141649 0 1364846870 1563426627 1633435830 89282374 0 0 0 1525625718 156663997 1334072833 1244220675 0 1823351086 0 
1804936222 0 1343407078 1449157152 0 0 277784003 0 0 0 0 82781025 0 0 1833258345 0 0 0 1368064654 0 1139903941 0 0 227376739 1365920122 0 0 0 0 1237317011 152606702 0 1380239246 1496013780 0 1061526487 0 725254175 752019407 0 0 1136614005 0 0 0 0 0 0 0 0 1942942227 989691050 0 0 1217067789 0 0 631033714 325237723 0 0 0 0 0 
0 623873410 15149163 0 0 767168571 0 0 1903782576 0 0 0 0 0 256393263 0 0 0 1589020085 0 1863605843 658604227 0 1553351966 0 0 583958535 1010505019 0 0 0 0 0 0 0 585879120 0 0 0 0 0 0 0 0 0 1461491856 0 1254885531 1513343698 0 1221105954 0 1911072390 0 0 0 0 0 0 1835828819 1979654519 0 0 0 
