0 525906648 0 0 0 777059677 0 0 1486609806 0 0 0 0 0 0 933948859 1096996330 1298687017 880543556 0 0 0 0 475389672 2058632629 2143448665 0 0 996425894 481482506 0 0 0 0 0 505779460 420251674 996828486 1770601872 0 1952568603 1780150445 461842760 706673369 1128979779 1188416821 0 0 339620191 373682137 0 1046648466 691653081 0 0 0 0 0 0 1423392925 0 1207793383 0 1878508972 
0 0 0 0 0 2007406656 1030614886 1817679472 0 1492457646 376869193 0 533390819 2017491422 0 0 0 754334655 1919659477 0 0 0 0 0 0 1033454240 0 407487448 0 0 0 944749355 0 0 0 0 0 0 1145092194 1875314017 0 0 349399953 977482465 0 0 1850493475 0 1803796654 0 0 0 769399624 1961663470 0 0 0 0 0 941398038 1788702172 0 1886147393 0 
1227085030 1954650155 0 0 906284154 0 1190155963 0 0 0 0 0 0 0 0 0 1506053749 254166035 0 127969725 68345857 1245966673 433736979 0 0 0 0 2081867898 0 0 0 0 0 1763805022 0 0 0 0 0 290333348 0 0 0 0 1576143578 463453160 0 934713679 0 0 1062683404 0 0 0 0 0 0 0 0 347203926 0 0 1425564465 116121901 
434568209 1818766951 278130618 0 0 0 0 82588821 0 550053766 0 0 1013506927 0 0 0 0 0 369607527 0 0 2071552500 277490863 459229141 0 0 0 48821826 728596256 0 0 0 0 443074345 790079342 0 0 707327566 0 0 1257381333 0 0 0 0 0 0 338204660 0 0 917221214 168208650 0 1194712077 0 0 1105061499 1433870860 1385453428 0 0 0 0 0 
0 0 0 0 0 1230164988 0 0 0 1392853493 1580047779 0 983397433 0 1177964256 0 0 0 1356514010 0 0 0 0 0 0 1939074328 0 641240112 0 0 1915422046 1187975687 0 2052559272 0 0 0 326575860 0 663019873 0 0 1502779469 555343138 355519050 533260077 1743648498 0 480961900 952678861 936257827 0 0 1489878727 0 0 0 1509533411 553242494 0 2145037844 0 0 124992896 
226256516 0 0 0 0 0 2024517003 0 0 1379812824 0 0 0 0 0 246551154 1639243420 19539428 1869926954 280906787 0 1445810857 0 0 0 0 0 0 0 0 930407713 0 0 1382101144 0 0 1469654628 384635908 0 0 0 0 137129016 1530037987 0 0 0 1891785973 1387433693 0 25209113 0 0 218118282 1392772115 1605220277 964269946 364665977 263151445 0 1000509120 1193559158 0 125403619 
0 0 213408983 0 0 0 0 0 0 0 0 654991465 0 0 399293791 1120953259 0 424502904 1870321459 0 0 1115609927 0 1606891132 0 0 0 0 1761926993 521234263 0 0 59061094 672113979 0 2129007482 0 0 1668435306 0 0 0 418541626 0 1288988774 817835417 1536529341 0 0 0 39104990 0 0 344321379 1344366992 1707769335 0 687893330 2041070711 527132558 1209127593 352292059 0 0 
1024406038 362720192 1249712522 0 0 0 0 0 0 0 0 0 0 1018346050 0 480289163 130229555 0 0 0 0 1562132014 2065492322 0 102541696 1959079385 1517460148 1311669290 163887796 0 432374330 0 0 0 0 0 0 0 0 1666349035 142973993 0 21452164 0 0 0 2008697646 0 0 78979020 0 1674103192 1641111035 0 0 1743652731 0 2034407281 907838373 0 0 0 0 0 
0 0 0 1180083292 971951374 863576589 0 0 0 0 0 0 436065014 0 0 0 0 2065494225 0 0 724492190 2076096507 0 1342569541 1963020141 0 2124534688 0 1773890768 0 0 0 1196402828 0 0 0 1598086668 0 0 0 0 1631646124 342625290 0 0 1519646577 0 277269898 0 0 0 0 0 0 0 0 0 1334286278 72287653 0 0 0 294088411 183031831 
0 1975394731 203902386 0 60682434 0 1872529482 0 0 0 0 665087461 1587317702 1529891578 0 0 68357046 0 0 0 0 0 0 0 0 1185305143 0 0 0 0 605855608 0 0 0 1635664658 0 0 1360710493 2037938264 825833439 1428381618 146062804 0 0 0 0 1745706880 0 1435092477 0 0 169686892 592288633 0 0 0 0 2059624926 0 0 1047631398 0 0 2011032600 
1719437139 0 0 0 0 0 399759584 1048748315 924150010 1890680485 0 0 0 0 0 0 2005567358 0 0 0 0 0 0 5061758 0 0 0 1664283065 1544874783 0 0 0 643146514 0 0 0 0 0 0 0 833710841 0 275355271 0 0 0 0 0 0 0 757901492 228475094 370100128 1089273594 0 0 0 0 503551213 1121860368 0 0 0 0 
0 0 693251058 1197948707 1872473417 2005512585 0 558700610 939770804 0 0 0 0 0 0 127357775 0 0 355832869 1636395337 0 0 0 0 139954393 979214698 0 0 0 0 0 0 820963542 0 0 0 907563569 0 1104653922 1847334373 0 0 0 0 0 0 1982898049 0 945491945 191247271 587001893 0 0 0 0 920571385 0 0 0 0 0 0 1772505535 1975634346 
0 1837965418 374104010 1013015237 0 1478757932 712865962 0 0 1801932929 0 0 0 0 639732658 0 0 1226734551 0 0 0 453098958 0 0 1568765634 0 793823420 0 0 0 404103489 0 0 0 0 885951965 0 0 0 0 0 0 0 0 0 0 0 1770005713 0 357357884 0 0 0 1448926106 0 0 0 52007667 0 0 470852974 1211795107 0 0 
0 133080497 1466132016 0 19709753 0 0 0 1685093859 0 1542128469 561574765 0 0 0 0 0 0 1729800122 0 0 987984369 0 1083024965 0 0 1734110462 1510845010 0 545944016 0 1580846879 0 0 0 0 0 0 0 0 0 0 577297953 0 0 761394783 0 0 0 0 432170209 0 0 151011404 0 0 0 0 0 268388490 0 0 1849235370 0 
109315687 0 0 0 391293299 0 0 827772581 0 0 0 0 1941844588 0 0 0 1986918520 0 0 339665966 443173030 0 1879889096 1120717247 0 635989940 1389105738 0 0 1090857460 1071529464 1592431533 0 0 32376549 569266454 1239125605 635528401 0 33110511 0 0 1095517734 0 0 0 0 1960919950 0 0 0 1690843807 1516250891 2032991364 0 0 0 0 1203717639 2004613502 996556957 0 1449561387 0 
0 1481937936 0 1318713492 0 0 0 1785960895 0 0 0 614166667 1255367242 453221013 0 0 0 0 0 1497333334 466212955 0 0 0 0 0 844840465 0 1142563305 146918204 0 1222151192 0 0 0 0 0 1745205040 0 0 2045063131 0 188807984 1152946725 0 616410954 1508501096 772952277 0 0 122801963 0 0 0 0 291615352 0 0 0 0 0 0 1165914871 0 
190282726 1559295908 0 0 0 1665358531 846883770 1054596783 0 0 60059860 0 1652102708 1568560957 1421345816 0 0 0 217580752 651416854 1478031952 721136863 0 279232327 2069533440 552412303 0 1417364573 654087255 1388910878 0 0 0 0 0 0 0 816012558 0 0 0 0 0 0 0 0 2058058626 0 1515412729 0 1825900534 0 0 0 0 0 0 1348189367 0 0 0 287791510 524834985 0 
0 0 0 1154887700 0 0 0 1014196996 0 0 0 1188870630 0 0 0 1240493755 0 0 0 1111060026 515736640 1064164502 0 0 264870222 0 0 0 0 0 97342907 0 241378149 0 33739802 1551354480 0 0 0 0 0 0 1100172753 0 0 0 0 1036483683 0 0 0 0 0 1882462473 1268181992 1077549820 0 0 1932036639 0 0 0 0 479553908 
0 0 0 248257568 0 0 0 716735956 0 1259732445 0 1717313372 0 0 606313407 0 0 0 0 0 0 0 734074622 1999956843 0 518627613 1575011330 1066842618 400523512 28917919 0 0 0 0 0 389331094 1731313836 1988176104 0 0 1100424901 0 96257033 0 0 0 0 0 1308943908 0 135036967 1650296201 427485604 869111589 1502769396 0 0 930297079 175511434 1788262714 959214998 0 0 0 
0 0 0 588075768 742963130 0 0 0 1363030657 0 1224621498 0 0 96994493 0 0 0 0 0 0 0 2080372760 1870212688 0 863186191 0 0 1822401189 1620148434 0 0 476910366 0 0 0 0 0 0 0 1350015364 0 705839612 52745686 0 0 0 0 0 0 0 0 883142320 0 1326197990 0 1309598403 0 1522698230 984515945 0 0 0 1174013616 0 
0 91516102 0 0 123521665 119144250 0 0 824983862 540765806 227416265 0 1922237628 0 0 472505256 0 0 0 0 0 0 285386071 0 1039651077 0 0 702429234 0 0 0 556134860 144030474 0 1841623264 0 0 0 0 989612239 722925541 1861255743 0 0 2024591746 939689603 0 0 865417949 178348706 1677238516 0 0 0 298741790 734952630 0 1324726193 0 342674119 1377240565 0 898808979 0 
0 592948595 0 0 775108331 0 0 0 988951104 0 1995713394 0 0 0 1420026403 24751415 996763230 0 0 0 0 0 0 0 1618080037 0 0 0 1561855485 943964617 0 0 0 0 0 0 1138142884 1257029132 0 0 0 0 0 0 0 0 0 0 1067993568 802853576 1870560404 0 0 0 0 0 0 1580552935 0 1281381636 377033904 0 1586177456 1913947117 
0 798541988 0 0 0 1593573132 0 1532244116 956890998 1315168101 168250576 0 0 976492100 0 0 0 2040195765 39322450 0 0 0 0 762332437 0 562030372 2043714073 0 0 0 0 1550040816 133466222 1082287774 2039929035 0 528377258 0 1573797811 1485268257 1677112048 1742048387 476407997 963008799 0 0 0 202918868 538755475 0 930988316 1581561762 783457669 0 196410551 1791246705 640408298 0 0 691220131 0 32388759 93777299 1708515080 
0 0 0 0 0 0 0 0 0 0 0 0 0 0 1544923385 494561584 0 0 0 2414892 0 0 1793661597 0 0 0 0 0 0 1832211708 0 0 0 0 0 0 2132739583 0 0 0 1608000533 0 0 0 747935550 0 0 2114376422 0 0 0 0 0 0 1130612533 0 0 721563294 1975005836 997402269 0 0 0 0 
0 0 0 2122906286 0 0 0 0 0 0 1016741256 0 0 0 1445816469 1854590878 0 0 0 731724634 1030609751 921118017 0 0 0 0 170777935 2048972667 0 0 0 1912972983 0 0 1888395621 0 68362500 472538225 0 799350645 1154888960 0 0 0 0 0 0 0 844247648 0 0 0 0 0 1048233066 0 0 0 0 708641862 2061536797 979552452 474131197 0 
1054643055 215043170 0 0 687581396 0 1922356201 1842470356 403190735 2053146893 0 329615910 0 1772901770 0 0 0 0 0 0 492814121 0 864418065 1426133351 26168579 0 0 0 697308200 0 0 0 676465933 0 0 0 1070221672 502345716 0 0 0 1939424662 1803028317 0 0 0 2069313774 1873277537 979743330 0 1638363290 0 0 0 0 0 0 0 0 770361655 0 1287734085 374829263 0 
0 0 0 2023786036 1604648143 0 0 2012657104 1943926148 0 0 1361285285 1683995329 0 0 516255011 0 0 1988812462 0 0 0 0 1006309980 0 1699235001 0 0 0 0 0 0 1106319677 0 0 563484172 1209828876 0 428657628 1006271377 1876842802 0 0 1413354483 1713909754 1307152188 0 1071947341 1885111005 0 0 0 0 0 0 0 0 0 0 406582765 1310399100 0 0 0 
0 0 832719301 0 0 0 0 0 0 0 1588314437 0 549076040 0 0 286703397 0 1001757970 0 0 0 0 0 0 0 0 0 0 287831932 0 0 0 0 0 0 0 0 0 0 0 0 678341962 0 0 0 0 0 0 0 0 0 847664233 0 567022711 1431865504 0 0 0 0 0 0 0 0 1935049268 
0 0 0 0 0 2087628012 0 0 618486326 0 645806542 0 1052370366 1296973590 1414978463 0 0 1372573929 1730594888 0 0 0 0 751577147 0 0 1998873233 460757837 0 0 248323457 0 0 0 736623447 0 1038584660 0 0 1657070986 1848883461 0 0 0 774838020 1444350725 1636700834 1533082289 0 1219812074 0 0 0 393987391 0 0 0 0 1838205644 0 0 2086529102 0 0 
0 342112498 0 0 2114911560 1166772459 1585657749 0 644636889 0 422597905 0 0 0 805073550 0 0 0 0 0 1291472024 0 0 0 25576676 139618492 0 0 78663946 0 0 1116149696 0 1106112450 0 0 125401261 482910561 0 0 0 0 0 0 0 0 0 0 0 0 0 0 1300156497 0 0 0 0 0 0 0 0 0 0 751545404 
0 774916843 639564229 0 0 196410780 0 0 175855235 0 0 0 122697238 219363150 0 0 410980055 0 608377159 1711136552 0 1887863871 0 262935535 0 0 0 0 876981496 0 0 1362590595 0 0 0 0 1263847557 0 0 0 482760093 0 0 0 0 0 325258518 254189430 1633672319 0 0 0 674015900 0 1476693000 1666872200 0 0 1343199343 0 1108289476 1771071890 149318055 0 
691025019 2122919010 0 1954872576 0 0 0 0 0 606425648 0 0 1055761070 448593476 552180339 541949742 0 0 0 2056245054 0 0 1575633606 0 0 0 2068691804 0 394937543 0 0 0 45961573 2019978312 0 0 0 2140443212 0 1158211507 599385212 0 0 0 1318368812 2008382755 49612377 0 0 0 461875723 0 0 2037509329 0 0 661374982 216378069 433226241 0 286904280 0 0 0 
1195455440 0 0 0 0 160385336 0 0 0 0 0 0 0 0 754160154 0 0 1216035877 1618325795 0 0 0 0 1767436541 2129873777 1905422027 676265419 0 0 0 602160262 128870948 0 0 2027756362 0 176490556 0 0 0 1008218029 613973048 1407697065 0 1651735769 14373571 1397602109 199850779 1230409449 868444256 0 0 634456316 962914071 0 616846445 0 0 886140854 1801751606 0 1488301116 1930622554 0 
0 0 0 0 0 486620024 740064473 0 0 0 401481168 0 0 0 0 1245060911 0 295414259 1434048271 0 0 0 0 0 1728194198 510003852 0 736973083 1998304968 0 0 0 0 0 888640900 0 0 0 0 0 0 1248810029 0 0 900409658 0 741211991 1420453543 0 0 0 273794990 0 0 105492123 0 0 1738940862 1588448773 412158266 1008044859 0 1767385922 2088044124 
0 508543175 0 1269067780 2137248549 173702562 727062662 1618748166 0 0 1114899245 0 1657438787 0 1595892146 0 0 0 0 0 0 0 0 0 0 0 0 0 0 0 1592255112 0 1029152351 0 0 0 1092331375 0 490181770 367360319 0 1605081016 0 0 0 2138691068 0 0 0 0 2057282150 1941781351 0 0 282846339 0 920570043 0 1482905952 0 0 0 0 0 
0 1264649006 0 0 1775521518 0 1158514276 928813120 1552527512 0 0 0 0 1075695700 0 1559606633 1358548327 0 1353904336 0 0 0 0 0 0 1860227138 891323498 229499038 640420906 0 0 0 0 0 0 0 0 0 0 0 0 0 0 0 0 2112702989 799901227 0 0 0 0 796023135 0 0 0 0 0 0 397908250 1054111047 1984735698 0 0 1326580063 
0 376268332 0 1705874674 0 0 1330959918 0 0 0 0 0 0 0 0 0 0 0 0 0 0 653689124 2070953571 0 266262168 321378173 0 0 1534616582 0 1430094282 0 0 1726556579 0 514604667 0 0 0 0 1289631156 0 1859990889 782164480 0 0 0 0 95891476 0 0 1150342977 209742331 0 0 0 693337750 0 0 0 466409941 0 0 463318203 
0 0 0 1362916516 0 1705481568 823059970 0 0 535567211 0 0 277953837 0 866191358 0 251090162 0 1524188290 0 0 0 0 0 0 0 0 0 0 1266402289 1623203770 819687348 503712808 0 35120216 1503340499 11640913 0 0 1897929803 1393747397 0 2070692219 0 0 789399929 2045546548 0 0 0 1828531343 0 0 617884688 0 1963432430 0 41214300 0 1365241815 1307616589 0 37445515 0 
0 72565731 0 0 0 664818299 0 0 0 590493104 0 0 1379893033 0 0 1336490326 1021541345 0 0 0 0 560493483 2107446932 0 601707783 0 926661221 1909324372 0 0 0 0 0 592872721 0 0 0 0 0 196597403 172198293 0 0 1552091326 1444945461 0 0 319003158 0 0 0 0 0 422980945 0 0 0 694847638 349900905 0 0 0 743712963 548143195 
0 0 0 1626151121 1387322454 0 1822748524 0 63193995 0 964128426 1508139456 1602703741 1705226430 0 0 1131085346 142676627 0 0 565657572 0 0 0 757125519 0 0 268596246 0 0 0 51962662 777446123 1184817374 1678113783 0 0 1353378659 0 0 0 0 0 735976102 0 0 823300554 0 796025109 0 0 1361682682 0 1757730606 0 0 0 0 57908016 0 0 0 0 1263509709 
2059464832 0 0 0 137636160 0 0 0 1103567124 0 6884624 1054760362 406925302 830185178 2137038946 0 0 0 417149446 0 1799518585 0 0 0 0 0 0 0 0 1920456445 0 1613611874 0 0 0 0 368053020 1855320075 0 1471620145 0 120143252 0 0 950328430 0 0 0 410240137 0 0 62275074 896739392 0 1379955802 0 0 0 1080390755 0 0 0 0 0 
0 0 0 0 0 1185113065 955141984 0 0 1334038843 164572839 0 1702491001 1235861801 0 2112731138 0 0 0 0 793001846 0 0 0 0 0 0 684086335 1683270632 0 913590665 0 1883205798 0 282261289 0 1023074518 0 866777481 0 0 0 0 0 0 1147471366 0 0 0 0 0 234214418 0 0 0 391026549 1246219268 615678530 0 0 0 1988703550 0 1107621863 
0 0 0 0 0 397458888 883103062 0 1428809209 0 0 1548537684 172039068 1300064222 0 0 1271800100 0 0 0 0 2053442546 0 0 0 1969670132 1168923038 1893537141 1810890034 0 0 1490071389 0 0 44843615 1270635055 0 927946677 0 0 0 1855887404 0 124553447 0 0 1885288735 0 1829494383 0 0 0 0 1530872375 0 0 1353058859 0 1906404614 1016465245 0 612596322 0 1298441606 
996953086 403896602 421593013 1778768738 0 0 1841909951 0 630033264 0 1408911107 0 0 0 1771285673 549910257 0 260117154 0 0 1790989529 729727195 236084856 0 1108275270 0 2013029986 0 607602145 0 0 0 628495928 0 0 0 435705270 930266624 0 0 88888177 358640678 0 0 0 0 0 0 0 879316467 0 0 0 549162805 1080745931 0 0 0 0 0 0 0 0 0 
0 0 1612243083 0 627465653 0 0 716353831 920613333 1176118521 1673141531 0 1356676675 1032355840 368347123 1797351984 1911672307 681425072 1881533174 0 1230587877 814795457 1943067606 1774756505 1761087726 306944033 0 784495673 0 1387885986 436399548 0 1085085015 2048642631 0 0 463131638 1349175342 281420852 0 377810215 1954562383 0 0 0 0 1384355227 603623235 0 1118404753 0 0 0 1772439514 0 1546804288 2079383548 0 0 1990170406 1441826780 0 0 379428147 
521374846 0 0 0 950380496 0 0 1328190711 32994755 0 915193954 872429331 0 152065533 0 183130768 1270470286 1305424474 0 0 0 1253135884 0 0 1307076678 0 0 601419810 1259539665 0 0 0 0 0 0 0 1151259146 0 0 1184253902 574220842 0 0 192831534 0 0 375962302 0 0 206717376 0 0 1459853260 0 188369911 0 0 893336910 0 0 0 54230410 0 0 
979573536 1013340410 0 0 1852045565 0 0 0 0 0 0 1831098155 314571024 0 0 0 0 0 0 0 0 0 0 250622351 1265560494 0 0 1735256607 113722738 0 0 1093296274 273854376 0 1076645308 0 0 0 257199053 0 0 0 0 0 0 0 0 0 300490875 382272169 0 1048680692 754495753 1835973728 1299303044 0 0 0 1607829207 2009188794 0 842862634 955001420 0 
0 0 0 0 2128411326 0 0 1154494796 0 1024344630 495149291 0 0 0 0 0 0 0 0 1830335711 0 2088229030 1702908311 0 105159329 0 0 0 2006116504 0 1376353180 0 0 1053551763 0 1543451214 0 1597862637 0 1651160382 0 0 1743277660 0 0 0 1802206980 0 0 443649319 350387816 0 0 0 0 0 0 0 19641273 927699207 0 0 0 1093410410 
302062568 0 489377976 0 0 0 793688701 370951299 2085451994 0 285429337 0 560594273 2087636318 0 0 0 547587710 0 768196690 0 1996019053 0 1522466541 0 1277391995 302682100 0 525902800 0 0 827965369 0 962220731 2117977336 0 0 0 0 1940029416 1153665104 0 0 1714259377 0 0 1723662960 0 0 0 0 0 0 0 2042864245 0 0 0 0 1798802121 0 1844903309 0 380658828 
0 0 0 0 0 0 0 220141376 965599209 1776457141 0 0 0 0 815884343 1362864458 1658643752 0 1883262163 0 1696631921 0 0 0 0 0 0 969400051 422383975 0 0 0 1402427439 0 1596242182 468903711 2039936280 0 0 858051842 1531979259 475962193 1556892624 0 1986542259 225293319 0 0 1926417915 0 0 0 0 358365318 0 1239386451 1083329632 623496200 0 1505713607 0 1411361734 0 831089899 
0 0 0 23756692 0 0 0 0 317517244 0 1856876793 0 0 1752620159 0 0 0 512256132 0 0 0 0 1886209485 0 397153970 0 1312181041 1973300079 0 0 656906330 1342694487 0 0 0 1285983208 0 0 315013798 2115972237 0 0 125064445 0 0 1779342665 0 0 0 827477140 0 0 601134911 0 821204034 998288881 0 0 0 0 1738336795 0 1605864325 0 
1290427936 0 0 941399281 0 685814734 0 0 0 0 0 0 0 0 0 0 0 0 1825663080 0 0 499383466 1561989046 0 0 0 1580659127 76138041 0 0 0 862566642 0 0 0 0 0 566370145 0 0 1601322460 2038219694 0 120650144 0 0 0 0 0 0 0 0 0 0 0 1594424418 1352689336 61408091 0 924828042 0 0 1787394684 816835909 
0 0 1458831845 0 0 0 0 1464085918 1161681679 0 1584736062 187505839 0 0 0 294756427 978585098 0 0 2087724622 0 0 0 0 295140454 1057744205 0 0 0 0 0 105053723 1055885182 0 685900101 918648640 0 0 0 0 675770050 0 0 0 41332364 0 0 0 0 0 0 1889849147 0 0 937118291 59654730 0 0 0 1146863174 0 0 0 0 
0 1937816998 0 0 1984872948 583524784 0 0 256028109 0 143685085 0 0 68967247 0 0 0 129952725 1869062480 0 0 0 0 0 0 879161248 0 0 251861290 0 0 1148333789 0 0 544557081 0 303076547 1749696494 127072070 0 656290571 270757155 0 0 0 26259417 0 2086957211 0 435994026 0 633505049 0 0 0 515120103 1754300065 1250155515 456772757 0 1236345585 1975534293 0 0 
0 1551568577 0 0 0 0 409783610 1810071994 0 1266248740 397790207 1364335352 0 0 0 1448720300 0 607545917 0 0 0 0 1010527032 0 0 0 948178858 0 0 1955190355 1655026854 0 1359275284 0 0 0 888178726 0 0 1912789676 222180498 0 1129641381 1514688656 0 285966649 815925308 0 893512566 0 1434279721 0 0 0 0 0 1764622894 0 1101777520 912489680 0 0 1755442521 0 
0 0 0 1631824385 1405006076 1679626471 1397130413 0 0 379288146 994391582 1496251451 665254795 0 0 0 0 0 1787481013 1467307658 0 958212168 1926927329 0 1077122182 0 401388699 1003738902 0 9347573 0 0 310938242 0 0 0 0 968175090 1195647245 0 0 42555179 0 0 0 0 0 0 0 0 0 366454425 0 1365640014 0 0 0 256742144 0 0 0 0 1676623436 0 
1743864652 0 145488630 922136152 0 0 58502089 0 1383691055 0 1281057175 1089079477 1611377460 557575273 1207968151 0 0 646680835 0 1496302015 0 0 0 2111698417 0 0 0 703228197 0 0 1280256157 0 0 0 577542732 251818075 0 0 0 0 0 801214394 944683899 791058111 0 0 749646575 832880403 651849237 1074689465 0 516686439 0 0 480901208 0 0 0 247968829 0 970825882 0 0 0 
0 0 1406102477 1425883140 0 0 0 698840562 0 78687813 0 0 0 0 0 0 1166751066 1953359282 0 274353218 0 1733293100 0 879382786 1620844927 67062679 1529548563 444187161 0 0 1598471563 0 570752362 0 0 0 1783350088 0 0 0 892865011 2131167861 154636990 0 0 1926297501 0 1242496879 1732173135 0 1516850098 0 0 0 752314859 0 1403006628 0 0 0 0 0 0 392769409 
0 0 335198035 0 0 0 0 197348985 0 0 0 0 1561428938 0 0 0 0 1647760579 1019050499 1959492545 836220879 1771365358 0 0 0 0 0 0 0 2047655293 0 0 0 0 0 1989929691 1284713197 154791241 39795029 0 1937406326 0 1133278235 1351351617 0 0 349986395 0 764465647 0 0 0 992918604 0 1692430386 0 0 0 0 0 387672888 0 0 0 
0 1736317954 0 0 0 807876030 0 0 0 980641302 0 1827136110 97346370 1234886238 0 0 0 67663724 0 1449358088 0 2007445282 0 0 347462877 0 0 0 0 0 0 0 957137755 0 0 0 1089244107 899117386 234311529 0 1879758689 0 643154193 0 0 0 691433429 663053446 0 0 2112411534 534659918 0 0 0 0 0 0 1949008601 0 0 0 245803854 672820125 
0 0 0 0 49191911 0 0 0 0 144596490 0 0 1829146152 0 0 1433875890 0 0 0 27896429 0 9632439 0 1834695949 0 0 778727566 220177376 358106247 0 892997501 2101770001 0 0 0 223797857 0 0 0 0 285749354 0 0 0 2066358614 247174355 0 1227845084 1661392330 0 1255741513 0 0 0 0 0 0 0 0 1751427596 0 702158586 0 0 
821255868 0 0 400764458 0 692765324 559895730 0 309118497 0 592254946 227993464 0 0 1455838548 1266346682 0 0 0 0 0 0 1889355016 159961245 2110342418 0 1911388842 251955482 253191040 0 0 0 0 1403158654 0 0 0 0 0 0 0 0 485552292 0 0 1941390840 116704479 0 0 0 0 1272127151 879970064 1885485167 1432088396 0 0 0 1094784317 1689708660 0 0 0 0 
0 2091883287 0 0 0 0 0 0 1457656867 0 0 0 0 0 0 0 373649042 0 0 1253619107 0 0 2096447942 0 0 0 0 0 0 1405289112 0 0 0 1968531643 0 0 0 0 0 0 0 334406349 1892593996 0 0 0 688389445 0 0 0 0 1850084484 0 0 948993016 0 0 0 0 1705583634 0 0 0 197620776 
0 1970823902 0 0 0 0 0 0 1972877335 499122995 0 0 0 577272357 0 0 0 0 0 0 0 864296363 1455136883 0 454422923 0 0 0 1819816737 953508673 0 711299057 0 0 0 364721188 370295677 559230755 0 195689364 1058353751 0 0 0 0 0 0 2093351010 0 1506335841 0 0 0 1447362595 0 677571479 2049261358 1809901070 0 0 0 0 285409857 0 
