0 0 0 0 0 0 99157221 1307551025 1412350647 38682828 0 0 0 2000500104 0 0 0 581953301 0 367824030 2045836103 0 326242071 748014061 0 1268612771 0 1053715456 0 1355142419 1497189785 926134604 0 0 511553142 0 0 610710363 1089589882 0 0 2059157947 1361780216 0 0 0 0 0 590668333 0 0 489020789 0 664010260 0 0 0 2103220357 0 0 0 0 0 895653335 
0 0 677692192 136399575 0 1767282074 0 0 0 0 764633346 0 0 0 1413591287 0 0 1751359477 707817492 1869353140 0 1944852342 1209281487 53025473 0 0 1961705563 0 0 501552961 0 0 0 0 0 1362548052 0 0 0 0 0 0 0 0 1789763071 0 0 1737619939 0 0 0 222634249 0 0 275659722 744970960 2124212562 0 1808955492 0 591434598 0 0 144388099 
0 269569297 0 73117313 1289910254 0 0 0 0 0 0 966985917 0 0 0 0 0 0 0 0 390415263 1602914027 0 0 0 982064510 1690148322 136746614 0 1344493432 281134713 419163050 0 1788070864 0 0 0 206515238 538670237 0 0 0 818300629 0 0 1375422837 0 0 0 0 1284854597 1634966092 0 0 0 0 1440028126 0 1577266426 1895718700 0 1858401140 167398102 0 
1498988356 0 964853144 0 0 0 2024394934 0 2092257187 695211915 0 0 0 0 1779483172 0 1136944793 916854121 0 0 0 0 177705105 0 0 1754971531 0 0 0 0 0 0 1242673835 0 0 2108867539 0 0 0 0 0 1565220315 0 0 0 0 0 1399332486 0 1013667279 0 1969355266 0 0 489233833 1430580576 0 0 0 0 0 0 0 0 
463855116 0 0 0 0 0 0 0 0 0 78812601 2057617310 0 437295501 0 0 0 1445983928 0 826957411 0 1246442702 0 0 3790154 42038292 0 0 831273078 0 0 0 1880043782 0 0 1352961909 0 0 0 349305456 0 172322497 259439118 263508193 0 0 1198845444 0 867405548 1956054313 0 0 0 850108881 0 0 892147173 936596370 402936499 0 0 330086134 871064797 1648700104 
0 1660708171 0 1503195805 920300328 0 0 0 1120010759 0 0 1729628758 1533361999 0 0 0 2113933103 0 0 1021462823 1085405664 747975258 0 0 0 335719196 0 1453227951 665805330 0 0 1467441648 0 0 0 0 0 528171418 1553604242 0 0 0 0 2025990149 670516378 806225497 0 0 0 865203012 0 0 1613178270 0 0 1150266250 0 1363002926 0 445252231 0 0 0 1430368630 
0 0 0 0 0 0 0 1609163606 2059722255 0 0 582754985 1231501077 1619460507 0 125539708 0 0 0 1950358141 0 0 0 0 0 1409151297 399092666 770090283 672122610 0 52975266 0 752666935 0 1276654521 0 0 0 0 0 0 0 2088533951 0 0 0 0 480225538 0 0 0 2065830483 0 1236240775 0 0 497908424 0 0 0 0 2145827019 766264082 0 
0 2042918603 0 0 286381799 0 996634739 0 0 0 0 0 0 1028623639 0 0 1159387205 1670807260 0 0 0 1632943571 0 0 1904223507 325294188 280020197 0 0 1046284279 1380572461 0 941719234 0 2006776043 1228101033 0 0 0 1000860562 0 0 0 0 0 0 0 0 0 1052783166 0 0 0 0 541442995 0 0 0 487305641 0 0 0 0 0 
2010935429 0 0 0 248787829 0 1100736883 0 0 861595488 0 0 0 931527916 0 0 0 541960150 1966020950 375070524 0 359980297 0 47137848 0 0 0 901707312 0 0 0 0 0 0 0 0 0 1941818555 0 196516954 655930395 0 0 0 853431677 0 0 690259112 0 871712488 0 0 0 0 0 265652626 0 493340631 1167359938 0 0 0 216733850 0 
0 1057815522 0 0 0 490216986 1171003641 0 0 0 2026688893 0 0 932380432 1955811537 0 1804092920 0 0 888302058 0 281269983 0 1206815565 0 0 682344064 0 0 0 0 0 0 0 1474258144 0 0 0 0 0 0 0 1767370489 0 0 1575698378 696117514 0 0 0 0 0 2125070024 385125439 1970244809 0 0 0 0 1316354048 1404183139 0 1816125506 1213592927 
2052099739 0 0 0 0 0 496131470 0 1798673179 0 0 0 0 0 975284948 1993588946 1564905145 0 0 1542491521 0 0 0 0 937400930 0 0 0 0 0 0 0 1130949816 1135362846 0 0 0 0 0 0 0 39234889 1021311872 0 0 1996596820 1119744308 1325245138 55568875 0 0 0 0 867457874 1797687572 951491838 1780648799 2117095528 1145592259 851491839 0 405801960 1974434618 1088611510 
1541164806 0 0 0 0 0 0 2139517132 618754358 1836562037 1265672494 0 0 0 1704339490 0 0 0 240910453 0 0 2038598025 785311104 0 0 0 0 1965871599 0 1456174689 0 0 0 0 0 0 0 677023896 655042846 0 0 0 0 2051777495 0 1606495652 0 0 0 1886448386 1812196120 0 0 0 0 1638289021 0 1140159538 1456676972 0 0 0 0 0 
688464416 0 1364758137 1740255516 544365431 2019800983 1263317326 910467717 0 0 0 0 0 0 0 0 51780587 1299803202 0 1829343350 1749826779 752229757 1320148723 1983270072 0 0 0 193756226 845534834 264019198 0 0 0 112779491 1126771118 675726165 0 0 0 0 0 253471798 0 0 0 0 245686480 0 0 0 0 0 0 1620076660 0 0 101935060 0 30388400 0 35370160 925893402 0 166730894 
0 0 0 0 1703361412 0 0 963956048 0 0 0 0 0 0 0 0 434219427 2018922910 616108925 0 1491515923 0 0 1593450983 2047843104 0 393437230 2083213265 0 727422727 102460511 0 0 944917570 1233818896 1744057106 1226084863 1888234472 0 1760723954 0 0 714167045 546751896 0 0 1485747676 0 157117633 0 1316970076 0 0 1679548204 0 0 0 0 0 1243891015 0 0 1453940191 0 
0 0 0 0 0 265775861 1806173771 0 0 372857168 0 0 0 1996051966 0 0 0 0 316803081 0 1524721345 1411403973 2017547269 0 0 0 0 0 1958948821 0 0 0 0 0 0 0 0 0 637470439 0 0 0 0 0 996343047 987837961 0 799284318 0 0 685607036 210248799 0 0 1660001230 514697802 0 0 0 156669973 2058777369 0 0 0 
0 1758747340 0 0 0 0 2076732660 949028289 615865069 0 0 0 1229238221 0 264008787 0 0 0 125014474 758965395 1505286482 0 0 0 0 0 0 1754986806 0 794661356 0 0 405925048 889792209 0 499642454 0 757193958 0 973747619 0 0 0 0 113985171 0 0 0 1652096699 0 0 0 1905144645 0 712907167 0 0 572584775 0 0 1367246131 1120545900 1211441444 0 
2010338110 2039386390 125329985 0 649096700 0 0 1647690918 0 0 1728039709 1304564061 0 1723154175 0 1840050645 0 2136468232 0 0 0 0 0 293026247 0 0 178283101 0 1236734038 1389724545 833408487 0 1281627287 0 0 0 0 0 0 1575834444 0 1011487318 732914857 0 0 1000206482 0 0 0 435787039 0 0 0 0 0 0 0 0 0 0 1687082051 0 0 0 
0 0 604466029 781791738 636427708 2035397286 210142534 489227272 0 0 0 0 0 0 1769516114 0 0 0 0 0 149682566 730093855 0 0 0 698790206 1053773877 0 0 0 0 0 0 1992741485 0 0 1880655123 1525058374 0 632572432 0 0 0 0 0 0 0 0 1099613942 1512403084 0 0 95013291 0 0 1122464652 0 0 1689514417 1927253407 1215239343 0 0 0 
775564062 1627809699 0 0 0 1644790764 0 0 1424593673 1112955555 0 0 0 0 62406755 1806249549 1708731956 1207364705 0 0 0 0 778726252 0 132184412 0 1722191590 1347423756 1251063246 0 0 0 0 0 0 0 0 0 0 1856216025 0 0 1176430251 1201294681 0 0 860060582 0 298718063 1768122991 0 0 0 1186839092 0 0 0 0 0 0 1855205979 0 490319373 0 
0 878198571 0 2072509993 0 0 0 0 0 810188973 1955855846 0 2049025980 668432780 0 200260395 0 0 0 0 1385004156 896147387 1796491816 0 716267917 0 1356292335 0 0 1846611708 0 0 577326631 1096086545 0 837228721 0 1574995442 1591789886 91975881 0 0 1277660512 0 0 0 339503495 0 0 0 1186873103 0 0 835881271 0 0 0 457323617 0 879954334 0 0 0 733778308 
0 542434133 1571007030 0 0 0 1663757244 207646695 0 0 346889795 0 0 0 0 0 0 0 0 0 0 584470586 0 0 1041794203 0 0 0 0 0 1932024189 0 802774468 0 0 0 0 0 0 0 43089711 0 0 1904736555 0 0 0 0 0 0 0 0 657720144 0 0 0 0 1083838648 0 2117628901 1344178984 534817122 278729545 0 
0 0 0 0 1408250802 1752557292 457627135 0 0 1138098953 0 0 0 0 0 588807182 0 1004659619 0 0 0 0 0 527692128 1890332342 0 497837382 0 1366497783 776566927 0 1109378829 0 1858687683 0 0 0 0 1500286147 0 523879507 0 1047105271 594252893 359799597 1240916801 1183060075 0 98092772 0 0 1636820407 0 842230291 17028888 0 0 0 0 892925086 0 992758297 0 2079611675 
703962333 0 0 0 0 1481359807 268848223 0 0 1315953494 0 0 409386647 0 0 507479420 0 0 0 0 2089581011 13845067 0 0 0 0 361449753 1820144534 1829441449 0 0 385920134 1146727355 1733346222 406160147 1462965244 0 675008370 0 0 0 0 0 252864864 2059915997 0 0 799753461 0 757160463 0 0 771005531 1693881352 214579751 0 0 0 972377755 0 0 577166669 0 0 
163029243 857118939 1254508477 1230251625 0 0 0 1375605526 0 0 0 0 819435578 0 1564778913 1623393299 998491489 0 221964735 0 0 0 921730241 0 0 0 0 1804873516 0 0 0 486820260 1483349231 0 0 867992892 0 0 96114770 0 0 1724585160 1583683952 0 1965916186 1000979217 1173024485 0 1181733497 1394989220 438937400 0 0 0 1019118323 696624049 1107291989 1194389822 354013917 1431083006 0 0 0 1156485696 
0 0 0 0 1102342182 2120593359 0 0 0 0 0 0 1728292018 0 0 0 0 0 1671427349 0 1985172832 0 0 944981174 0 537387059 0 1410588312 340334077 0 0 0 0 0 1319176668 441350191 269695013 462805516 0 0 1190118317 0 0 770926687 211250421 1521601438 0 0 2146106629 0 0 0 0 0 0 1190442479 221458751 0 453547143 0 1008874023 873137503 0 347882032 
0 0 789232223 0 1043014039 1063120204 0 85648708 719177163 447874054 0 930427584 0 242560302 944377040 1968098473 0 0 0 0 0 0 0 350606033 0 0 0 309484578 1122606668 173430716 0 0 0 1446598833 0 0 362235389 0 0 0 1143978104 0 2011840136 965969949 0 0 0 0 0 0 739406137 1382956399 0 0 1733562432 182342650 0 0 0 1907403991 0 0 2052249816 0 
0 1489029811 1074717233 810544413 37650213 809535573 1891956965 0 1400929308 1756313454 114619 87399697 0 786699393 0 0 1230211159 0 0 2111943255 1348576940 492923988 146802257 0 991401635 638629486 0 0 0 1798060776 0 88648700 0 0 0 1177257153 0 0 0 0 0 0 0 0 0 0 0 80943346 0 0 0 0 0 0 0 0 0 1986358409 0 471174373 1636935537 0 559823073 0 
763443395 0 0 0 0 0 0 207695205 0 1392163745 877754776 0 1484994857 0 1160909781 243591103 25013083 1206312734 0 1618730651 1398517945 443828091 0 81868994 282702852 0 0 0 757180321 0 401213571 0 0 0 0 0 0 0 587293154 12030661 0 1465047931 0 0 389267435 0 0 0 1311735963 0 0 0 1808276642 1941893728 644639255 2090979495 0 0 1863134237 0 163065416 116864160 0 0 
0 601801508 0 0 642219713 0 119220788 0 0 0 0 1261187218 0 0 1675467736 0 928060340 1560995258 0 0 0 0 0 0 738501917 0 0 901567334 0 0 1489031730 0 0 0 648964123 309707255 0 0 0 0 0 0 0 0 498048233 0 1629453685 0 0 0 0 2145490319 66453019 399827443 0 0 647827214 288777654 0 0 1501947335 1048070353 1554465141 0 
0 55945616 0 1072163061 824130527 1716167402 0 656049673 0 1360670757 0 0 0 0 0 1379845459 0 0 0 1878666714 0 0 0 0 0 0 0 0 0 0 0 0 0 0 1424607174 0 2101037142 0 1003241083 456673693 149875760 0 0 0 0 0 2119481698 0 1884907103 1349850180 0 0 0 1878998452 1479448794 0 0 0 0 969938409 1006697834 0 1322382522 0 
0 599506049 876950126 0 0 1880191209 1704298817 0 393074928 0 278223052 0 604809131 0 0 0 0 0 0 0 0 0 1015187110 0 0 0 0 0 1780379637 0 0 0 0 0 27109096 690853420 0 0 0 0 0 507663284 2082546956 0 0 1739279308 1545623278 210472022 0 0 0 1322496066 0 0 1880295101 1481917804 992326081 0 0 0 0 579226884 1552189690 1117843936 
0 0 0 0 0 0 1435427187 0 398317225 0 0 1156201612 0 215851285 0 0 0 0 0 0 0 461498487 1706278810 0 1722047384 0 0 0 0 1616037389 508109241 0 0 0 0 63591931 0 1006788329 0 458294116 229795176 0 0 0 711475836 0 0 0 0 0 0 1900103771 1788457820 735378023 1338729400 1363021556 0 0 753286861 1963581204 0 0 0 1918983368 
0 1560884640 0 0 0 1660488194 0 649984497 0 0 1842065828 0 102204209 292854479 1672326789 1408524784 1619813812 701426002 0 0 0 352390659 476325892 0 0 1229612754 0 0 0 1081065779 0 1774244262 0 85206324 1117456558 914656092 1745694518 0 0 0 0 1259222769 0 289685673 0 0 0 0 553214044 0 137711748 1990018070 1064262376 0 0 0 0 357005077 1150361439 0 0 1400476112 0 1932537628 
1485682436 0 0 1083893306 1702872098 116867014 0 1890353562 0 0 0 0 0 0 0 1422680260 0 0 0 1359416490 0 383193829 2031162978 105523285 740198906 0 0 30786115 0 1959151459 0 0 0 0 0 0 0 0 0 0 0 2073874539 0 0 0 0 0 0 94632746 0 0 503989284 2063124468 0 0 0 2081963992 0 0 221513578 566395621 0 0 0 
1018016104 0 0 0 0 0 0 78299010 0 0 0 642837434 0 0 0 0 0 0 903615536 1080622121 512348304 0 0 0 0 0 0 686767889 778069978 515087826 0 1796086082 0 0 0 0 0 663008674 0 0 668688329 27838352 1849485937 0 1660372663 0 0 0 1761575855 129439974 1758492438 126440512 0 0 573269161 0 0 1241611388 0 253661009 0 0 2049747091 680174320 
0 1201299163 0 1091160501 1864307837 0 150325356 385512518 397237305 1999811294 0 0 0 585018791 587996637 0 0 0 0 0 1546476065 0 1972483544 0 1557408040 0 1275728106 0 0 0 1846797927 1148382019 0 1258693235 92058872 0 0 0 334143772 2025329494 0 0 1935455815 96706646 0 375968804 0 0 574974231 1602804765 1054875229 0 0 879875125 0 0 0 0 347665769 0 1302269752 0 0 0 
0 230762729 1482708070 0 473146958 1816851842 664127672 0 0 0 0 0 828068643 377359105 0 1403042874 0 0 1377009522 0 0 225559618 932323803 0 0 0 0 0 0 0 1038700741 485159258 345582715 373925163 0 818729673 0 1935568755 1386588505 1405999676 0 2051153984 0 0 281029441 0 0 0 0 0 1864991304 21037820 1926381956 0 0 0 0 982948237 0 0 0 672060795 0 0 
1045985959 0 0 0 0 1501185468 0 0 0 0 1814947342 1685885246 0 0 0 2085757689 1692098847 0 2106795509 0 0 966143970 0 1949271410 0 1233093338 0 899376783 1905154134 0 0 0 0 309841036 1892935761 0 0 0 182219994 1068398661 0 1997167336 0 1089069319 0 0 0 1533059046 1776014089 0 0 0 1952799191 308822190 0 1754407751 0 0 0 1299586014 0 701544959 0 0 
0 1848694573 1230968057 0 0 0 1743327513 0 0 0 0 1103831938 0 0 489407336 0 0 0 0 0 0 0 1355420701 0 0 0 201336327 0 0 157095138 2063081393 1427168895 0 1146565802 2102097747 1800248095 0 0 0 1675141946 0 0 0 0 0 1120897573 304743827 0 0 42810737 0 1974195895 0 130716966 0 0 0 0 0 0 1234377673 1110066041 0 1092683736 
109148195 0 745448183 0 0 0 49076699 946080854 1955353156 680566936 0 0 1801464509 0 508222379 0 1508293157 0 1947570571 738939386 0 676033130 1665768105 0 0 0 0 0 0 0 1932893426 0 0 0 305901743 0 0 0 0 0 0 1855186740 0 0 0 0 0 533995021 0 462987839 0 0 0 791218864 0 0 1503971618 1043571443 1585062676 1179306764 0 0 0 0 
0 0 0 0 0 0 0 0 0 0 0 2130499041 1430290789 0 517010414 0 0 0 102509439 0 433680037 0 2064537327 1937651655 0 0 0 0 0 0 0 478951931 0 1988120461 0 0 0 0 1045391749 0 0 100166365 2030576172 543433098 0 0 528973583 2145988916 0 0 1318189609 0 110151934 0 266412156 0 0 1235886928 0 0 0 0 1793933089 0 
384666801 1795915537 0 0 0 0 1374991182 0 1607875431 1258083706 0 0 0 1083530746 0 0 1715013769 0 0 0 0 0 0 0 0 0 1587545352 405994850 0 1233994793 0 349842951 0 0 0 1780408438 158195175 0 1791532502 1766070607 162864594 0 0 0 0 0 1374318345 0 915971796 0 527348941 0 0 837423287 0 1084079703 0 0 0 223745599 0 1825726994 0 280223720 
476213104 250861904 0 0 1303126440 0 0 0 0 0 0 0 0 0 1887607032 0 0 267472325 0 1322492285 1104895612 0 0 1363465061 0 0 0 1565798025 0 13315562 0 1903619345 264177466 0 390543976 0 1316367621 0 885811292 0 0 0 0 1411697857 244279589 1850234534 0 2014502511 0 636536028 0 0 0 0 0 0 1050278736 1878310898 1932082840 0 0 0 0 0 
0 476881002 0 0 0 0 0 0 191838099 1445990026 0 0 1148740913 0 0 1118964125 465570670 0 46599301 0 793763541 337699539 0 0 68526790 962222151 0 0 0 0 0 1687666988 589977987 0 2098858508 1710398204 0 0 476689867 0 0 0 0 0 483714030 494174590 853465152 0 1986822290 0 1760622845 0 0 0 0 1306290783 0 0 0 0 469517756 939950269 1738527089 0 
0 0 0 0 0 1099100167 1654566938 0 0 0 0 0 192295919 0 0 0 0 0 0 0 0 994397557 0 0 1350818329 418994301 0 0 1358944570 0 0 1548025260 0 1354758479 0 1210174180 0 0 0 2060154553 0 70506808 2680842 0 0 0 729323300 1272335222 0 1394060044 0 0 240973954 713595916 2038818306 0 0 990891410 0 344051140 1681491604 0 0 0 
0 0 0 1510642730 0 0 0 0 0 0 0 2042186208 0 1636973655 1167037782 2014895623 0 433116135 857533631 0 0 0 568832640 0 0 1833477360 0 1273767656 0 220462515 0 0 0 0 0 0 0 0 1179773880 1294115474 0 0 0 0 0 0 0 0 0 0 0 0 0 2006337291 0 0 0 248405092 0 0 468867607 210924967 0 0 
0 0 556439691 0 0 0 848869587 106564803 1676154158 2037687621 0 0 0 76974236 1418565398 0 0 0 380781154 0 0 153316484 0 0 0 1592708909 1340121369 870589184 1803633876 0 0 0 1083293180 0 0 385103740 0 0 0 131056737 0 0 0 0 1800448136 507723239 0 0 0 0 1811372432 1783749685 0 0 0 1805873762 0 0 0 1187842322 0 986195909 925428608 0 
1999852212 0 0 0 0 0 0 0 1637489259 0 520383054 1290453748 182692609 0 723094984 1399002249 0 0 0 1897941841 325966952 0 0 0 0 0 0 0 924023514 0 1011173150 0 2041215336 433519966 0 252710681 347535326 0 0 0 1491927767 0 1127994685 0 406440643 1851089669 0 0 90589789 1961407264 0 0 597745340 0 126732140 322758223 0 1024749860 0 921387918 700712540 0 0 594444228 
1593897766 781443219 0 0 450917969 0 1778974030 1942845736 0 0 0 912702228 0 248637795 1812932527 0 62561411 0 0 0 0 0 983064975 0 0 0 1294426490 0 0 844722839 1269392741 1739061543 0 2116547651 0 0 0 1164501369 0 0 0 0 0 0 0 396251593 0 1506144139 0 1763512377 0 0 0 1002032218 0 0 0 608044547 1362182975 131981971 1452767387 0 0 931449797 
0 0 0 0 0 0 1730579105 50091364 0 0 289685242 0 710149764 1082959999 0 1422538728 698988728 0 0 1411987217 1456716611 0 0 0 0 0 1575516778 1737548204 1798013075 0 0 103685499 408163850 0 0 0 1968577175 0 731843790 1602051105 1913157748 0 0 0 2104489032 967341265 0 0 1422025658 0 0 0 0 0 0 0 0 1602826558 0 836686146 0 187093153 0 0 
0 0 1844335831 0 260828045 0 0 0 1450225006 1376942784 502326009 1407230390 0 0 2063224502 0 0 1983722184 0 0 0 0 233449781 0 1832737370 0 1731317115 0 0 0 0 1655779417 1333257229 0 899046980 1594085274 1727804838 0 1620587419 0 0 0 0 0 0 0 641967596 0 0 844568629 0 1898230227 0 0 0 0 0 229211014 0 0 0 654179475 0 0 
1953288340 1379715227 0 1533609530 976597227 0 416672079 0 981808533 0 973563549 1210443268 912998813 0 0 0 312616127 0 0 1387095568 0 0 0 0 1580606284 0 0 0 1852931000 0 0 0 0 0 0 0 517898558 1461533654 0 0 0 0 562666711 934013838 2044977052 221463177 1889284981 210109531 0 0 0 0 1799214325 1596550184 0 1232336961 647818061 0 0 353265414 579943272 1544604195 0 0 
0 909379033 0 1574022558 0 0 0 244444065 0 0 1178457904 0 1710375890 0 1049648875 196924267 1368078293 0 0 0 0 0 104662283 596254924 1243989242 0 0 0 920658554 814037796 0 0 1723416830 0 1403321464 1946845870 0 182083817 43806287 0 0 0 0 0 0 0 0 0 1685177452 0 0 0 0 340105679 0 718743448 0 0 395192315 636818592 1845943725 0 466117498 0 
0 1869438962 0 0 2051522779 0 0 1575035662 339825960 0 0 0 438028698 2092253826 0 0 0 0 0 0 0 1691722409 1652344530 0 576144690 2047536845 0 0 1375468064 0 0 0 0 0 512300278 571139816 2035282573 0 2146175478 227624886 1028068820 0 0 0 0 112990795 1441820021 2063749671 0 0 849867105 0 447911952 0 2014676529 0 0 0 0 0 0 0 175621464 1958466809 
0 0 382122977 0 316285342 0 0 0 0 148327384 662968032 0 0 0 0 160252538 0 0 0 1308889550 0 52429020 0 0 0 1484123954 0 1690015899 184299743 0 0 1802196337 0 1883122037 1160408208 1536603021 0 0 0 0 0 1396441567 0 1155890529 0 0 1316143067 0 0 1501379206 0 954127168 0 1561592017 0 0 0 0 0 0 0 848505664 737244756 1790140478 
0 1897652964 1179259851 700597249 496414281 1912733386 1857997868 0 0 0 399393512 0 0 0 0 771580676 0 0 0 0 0 0 280731068 0 1443787098 0 0 0 0 0 0 1060887389 0 688042931 1761484638 0 0 0 0 0 0 0 0 0 0 0 899058491 175438410 0 477282687 651195125 0 0 0 0 0 560163866 47326856 0 1036907203 0 0 2097794592 0 
0 0 0 0 0 275542995 0 0 0 0 0 0 0 1753643722 0 0 0 0 216714641 1967085684 0 0 0 0 1400139860 0 127649761 1095939965 0 0 190382636 0 0 0 0 0 0 260807357 0 0 1259952948 112792433 0 0 0 0 1586542404 0 1324468559 1803257045 0 2002530899 1008586401 0 0 0 0 1220923219 0 972676183 1298883925 0 521084254 0 
727447369 0 1619740001 0 2026490985 0 1599277652 1138960286 0 0 1521222691 709692145 1366034163 960281447 0 0 0 134084722 398066326 0 0 1491339784 1885883860 0 0 0 0 1863663281 495664359 621590325 657336199 0 0 129592553 0 118797643 1007539757 0 0 1998279394 0 631496972 0 0 0 1072575307 0 60349616 0 0 0 0 148972051 0 0 0 0 0 0 0 0 0 0 0 
1216859792 1348766903 0 0 0 1281078981 2075195296 704541505 1912575954 488199540 0 1356870726 0 0 1417220342 0 0 0 434758048 1929709577 230634983 0 0 602125201 0 925908376 1469279778 0 2013175615 1412062435 137277695 0 613345690 0 1159467661 0 0 0 0 0 1575378849 0 416157113 0 0 0 0 0 640621364 2043379326 0 0 0 0 1473381549 1988795262 0 795177680 0 1476716170 59756467 211343595 411784282 0 
0 0 1345509354 1813620071 510947605 574974407 872906458 0 0 0 927512855 0 0 388650485 1553582727 0 0 0 0 0 0 1812732993 0 0 460427025 0 0 0 0 0 1193285650 0 1056162698 0 0 0 0 0 1505953109 0 0 0 338483763 712080233 0 0 0 0 1487304059 0 0 0 0 2063647421 0 0 0 584677878 0 0 69588633 0 0 0 
0 0 0 1568785757 0 0 0 1333221543 0 0 0 0 0 0 0 0 0 0 0 782296346 0 1315211585 1427499488 0 0 0 720134344 1969478096 656591111 0 947745779 1259091105 0 1493123765 0 0 0 0 0 0 0 0 0 0 1608773912 0 1419744371 0 0 1223404550 0 282448450 0 121122679 1928647203 0 566525154 0 0 1223116265 0 913278530 0 1202993624 
258918648 1015116937 0 0 308625858 0 0 0 0 0 0 0 1378924868 1209736620 2039094300 0 0 732717492 0 0 0 1615648103 0 0 0 0 495997943 321330237 0 0 1524323861 1958058241 0 0 0 6980813 1867787708 0 708198711 0 0 0 2072097762 0 0 0 449168754 0 0 136169653 522891465 1402782430 0 1343219777 675664107 1721280111 0 1171662050 0 0 0 0 0 1700738670 
0 0 0 2019329243 0 268434546 0 890171618 766625507 2035757312 0 0 0 236473029 0 0 372642682 0 1656223119 0 2039282137 0 0 2020879329 0 0 0 0 865350515 897960198 0 1016892050 0 324456555 888737646 0 0 0 0 1359516609 0 0 1686586049 445169292 1699197840 1859756944 0 2071840523 408335657 207349453 0 0 391753032 0 0 0 1045490522 1727662295 811300711 1910841037 0 1575521431 0 0 
0 0 0 0 0 0 0 0 1814818198 0 0 0 0 0 1290889266 0 318216574 1192222932 1664747550 0 0 0 0 1689820374 0 1121605330 0 1896594870 549643113 0 0 0 0 612175301 0 0 0 0 0 631603239 0 0 0 0 619043384 0 0 0 0 0 0 0 830410880 0 0 0 0 1826124873 0 0 1912068429 0 0 0 
