0 1916586636 0 0 1067368593 1587071385 1703969909 0 0 0 74846955 2074127894 0 0 0 0 0 1393916270 0 0 0 0 2089806010 0 0 858054446 0 1606800445 1751569597 0 0 1035128588 744072602 0 0 0 0 991597045 0 273382881 1588500106 1376610454 200027127 1627334107 77808199 0 48893861 0 0 0 832909800 0 0 775232162 703487403 0 0 252966408 340953788 1237372557 1227936022 855154420 125017497 0 
0 0 0 0 0 790246024 0 0 0 0 0 0 0 0 662894962 1598058172 1941448913 0 824636200 0 0 1528123603 0 0 1781090011 1120376844 0 861542386 0 0 0 0 0 0 0 0 0 0 0 0 2034753811 2106482984 0 1407235080 0 0 0 0 0 0 0 0 1063085760 0 0 0 0 0 0 0 496466799 0 0 880857724 
0 0 0 0 0 0 0 1340287149 0 1154198890 0 0 0 0 0 1843525825 992810342 1894586028 912161302 0 0 0 605104579 0 1262357171 0 1228432225 1758823970 0 0 492198046 384041779 0 0 0 2036411759 0 1693054923 0 0 699770165 0 0 1450730142 0 455246705 1146772319 0 0 0 0 0 1649086636 0 229459230 763960159 0 0 0 626991214 1934718769 867498527 0 0 
881703253 0 0 0 29326424 0 0 729096589 0 1069701748 0 0 1524948453 1179115402 0 0 1090565375 40980790 1480925184 0 0 0 1356128523 0 1020792222 1731429005 1680751659 0 0 544301004 0 1333147137 0 1438215243 237468887 0 0 1574273186 1786479166 1950048319 496491286 0 2112726508 2021439739 0 0 1601253630 1941019380 0 934695167 0 0 0 1741832619 1747050254 1518388155 0 0 0 0 1824619269 1357589089 0 0 
0 0 1762574351 0 0 0 1230390217 1123635062 1072908472 0 0 0 0 0 1716898208 1462346112 0 2102602304 8152274 1883652236 1696951276 0 1254556744 875245604 0 0 0 0 0 1467869168 1270364542 0 520739758 0 0 0 0 0 124034948 0 0 0 0 0 0 0 0 0 0 0 0 0 0 0 0 0 0 0 395755349 1731884208 762944555 0 0 0 
404091488 1448571898 0 543632956 0 0 0 1954531350 0 0 1966343166 955248838 0 0 1766808730 1667533329 627844002 0 0 0 1969338788 0 0 0 0 1944211016 0 0 1462847259 1370861153 0 0 0 0 263088056 0 0 2019170951 1582732191 1936123713 0 1401591709 0 0 0 363213985 0 1174969511 0 725715638 0 0 0 0 1262268002 1060700048 0 0 0 0 980191379 0 1125360697 0 
0 1388448753 1280341624 0 0 0 0 0 2117181876 0 1204554390 0 0 200407086 0 1036014256 0 0 1388136946 24309226 435999519 0 0 0 0 0 1784963454 0 1929049747 762840503 597100041 1132675037 0 0 0 0 0 0 0 415246412 283855332 0 932070150 789602039 0 0 0 1028809945 0 1066269594 0 1202047821 0 0 1581105678 0 0 0 0 0 0 0 0 1985231595 
953459736 0 0 0 217603814 1946899003 0 0 0 0 0 0 0 0 833192656 0 0 0 0 0 0 0 0 0 1548040574 0 644728927 1381982913 693549196 0 0 0 0 173936824 898533205 272216359 0 0 0 0 1164144725 2064736692 1626914028 0 0 0 1933150551 774426658 0 681499963 0 0 0 0 0 0 0 0 0 0 0 0 738365089 0 
0 1636898294 1027131269 0 0 0 0 0 0 0 1310744926 0 0 0 0 531583414 0 0 0 0 243322873 0 1052895179 788613481 0 0 0 1812023094 0 0 0 0 107749372 1446585624 1469874924 0 0 0 0 0 0 0 0 0 0 0 0 1271432423 0 0 0 1770360295 0 818227153 411490128 0 1517133578 0 520728668 0 0 0 0 0 
0 713533551 0 0 0 413859297 0 0 958451747 0 0 0 1201177028 0 0 580730801 2104507848 0 0 0 0 0 557681915 0 906557341 0 463428672 0 2018593606 0 0 0 420620851 1866423821 0 0 132799470 1311783736 0 0 0 1459217867 0 1355180113 2061523281 1119144748 1935910915 0 460397876 2139518363 1720040174 619878156 0 130238441 0 1513689633 0 612437039 0 1079758983 0 0 1190153941 740145189 
0 492259003 1884769647 0 0 0 664477078 1958045825 0 0 0 0 0 954169557 0 0 946204273 0 0 0 0 261162525 0 0 873599564 2102100368 724450293 1193123902 0 0 0 0 0 0 0 0 0 0 1873984507 0 0 892243149 0 593811067 0 0 0 0 0 0 0 1034836452 0 0 679527762 1333003315 0 0 378643570 601248458 0 164429014 1865261436 0 
0 555016626 1346416915 994465181 2056732543 1072917774 1249573756 1471181836 0 366865815 2064992903 0 364888841 0 0 816199359 201837550 0 1851035811 0 0 0 0 2108400235 1787057981 0 0 810672976 0 0 0 77334011 0 1440084477 1071799192 0 365518604 0 0 183195880 540755115 0 0 0 0 2009025530 0 0 0 1425395478 0 1257522513 1808475404 0 0 1448049737 0 0 0 1314090038 2060546981 0 0 0 
0 0 1492231149 0 489628893 1560137693 0 0 1545553492 1893507804 0 1534565616 0 1510387633 0 0 0 0 939356350 0 1128874563 0 0 0 0 0 0 1703979283 0 463677840 0 1710994108 0 0 0 0 0 1620242111 0 607473467 0 0 0 0 0 1719970725 0 0 0 1595022493 0 1131384258 0 0 0 0 0 0 805262233 0 572963290 0 0 1352380724 
0 0 0 0 0 625890092 0 0 0 422995467 0 0 0 0 2108954192 0 0 0 1129376498 581902017 0 18924509 0 0 128209959 0 0 0 0 944633741 2053553974 0 152623085 0 0 0 0 459197403 0 0 882192870 0 0 0 0 0 0 554311594 0 2005044152 0 0 0 0 1497041884 0 1307845780 0 705868222 758589994 1457372898 0 968380799 1609995983 
991952278 0 443366875 0 1458335572 0 1422657373 193044795 0 0 1070720210 0 0 0 0 0 0 345768622 283590092 0 0 0 0 0 0 0 1084119327 0 855451477 2052500126 0 1847403755 0 0 0 215006572 0 0 408051367 0 0 0 0 1663467311 0 70156699 0 0 0 0 467090249 1581092523 0 0 0 1457879985 248247885 0 0 0 0 0 0 0 
0 0 0 26493172 1326861962 0 0 0 1606774532 0 0 736966678 0 0 0 0 0 0 0 476670100 0 623798592 0 0 0 700723158 1347395999 0 532668950 0 1720275157 1873754335 357443849 1440226744 0 0 1568229699 1984615306 0 1027520583 0 0 1764487261 0 0 0 1080795194 1737410118 1278824600 0 0 1274273351 421770523 0 1517969988 0 0 0 1956673146 0 721414159 0 0 0 
0 0 615680172 0 403221320 1022065319 0 0 0 0 835066152 91762334 28105157 1915861346 0 0 0 0 433719461 2135603800 1749432029 0 1876946803 0 0 1686136302 0 0 0 0 0 0 0 0 0 0 0 0 0 0 2143747604 751447772 0 0 519825470 0 0 0 0 0 0 602820510 1569224134 0 0 0 0 2002544721 0 0 0 0 153369785 0 
0 0 0 1817902926 0 0 0 1391698564 1785986566 572969197 0 0 0 599882901 0 0 0 0 0 0 122557146 2040919999 0 1612451855 0 0 0 0 2132525214 28866364 1899888336 0 168031367 870561862 0 0 0 0 0 0 0 0 0 0 0 1946435451 0 0 0 874563739 0 0 768000090 115710180 0 0 886027806 0 29287831 0 0 1929176167 0 1925153854 
652254382 522133331 0 409871390 1332429843 0 1953474965 568211905 0 1507923280 0 0 0 0 0 0 0 0 0 0 0 1370209211 1233926411 0 950981686 0 0 560620525 1044906762 619266833 338290731 1697161144 0 0 2107032534 0 0 0 0 1758358685 1273463483 0 0 0 1598973250 0 0 1548402056 2044484191 0 0 45262132 597655773 0 1079551528 1548637459 0 837426648 2109257984 1512911072 0 300065068 0 0 
0 1022137455 0 0 787677658 0 0 0 2048139158 1488264916 0 0 0 56509308 0 0 1431439519 0 0 0 0 227044606 0 0 0 0 57116276 0 1692088508 0 824291087 1524096842 2141842299 1601247446 0 0 0 2013025576 0 0 1353806844 0 0 559037247 1098715525 1278626213 0 0 150037038 0 0 0 1183289526 1694532144 1065410430 100277133 939071937 0 473958222 0 0 0 0 89106554 
752013107 0 0 1877291529 615213786 0 755741813 0 461559237 1133820857 380574230 0 264963422 0 0 0 998087342 59745550 0 0 0 1854132470 134170353 545865984 0 608128575 0 0 1906377885 0 0 510907344 0 1884172850 0 0 1303525871 0 0 1765085108 2130277896 0 0 247757670 0 973338732 0 1349275748 0 1451480170 0 639878329 0 1517339322 0 0 0 0 0 0 0 1776774290 247785831 0 
0 0 556891972 669505716 1484958095 0 287107176 1467752343 0 0 0 0 290838482 0 347990213 1323922764 0 1731159181 1963801094 692910011 0 0 0 0 0 1296475189 0 2027501426 925765831 0 0 0 1552164479 0 0 0 1372230679 1248358568 0 0 0 0 0 856696800 0 0 33135917 0 0 0 0 51151805 851515122 769140398 0 0 2065615587 1946028502 0 843897770 862208276 0 1135643447 266889107 
0 2096894839 1156528033 0 1197769760 1366435654 0 0 1144369641 0 0 0 647076432 0 0 0 0 0 0 0 0 0 0 0 577060952 634756774 316683599 0 0 1452327046 0 1488502610 1401738237 0 0 0 0 0 68168780 0 0 0 0 0 0 0 0 1402417670 0 0 0 1268367500 1502368670 0 0 0 0 0 0 548341311 0 0 0 0 
0 1472766309 0 0 0 137128045 510288064 0 678138056 594416909 0 0 0 0 0 0 0 0 62247196 0 0 0 0 0 0 0 0 0 0 0 0 1922738148 0 0 0 0 0 0 1160568199 577594413 0 0 0 1686856549 0 0 0 0 0 542983441 0 0 0 1465057141 1834099986 0 0 0 1136571904 1090458317 0 829940951 0 0 
0 72731011 0 491725620 0 0 1069320033 0 0 0 1788616987 0 0 0 0 0 0 1608954265 0 2011236992 0 1495662058 0 0 0 0 0 0 742920324 0 0 0 0 2142687517 0 1410796309 0 0 0 0 0 1153690086 0 0 0 0 0 0 0 0 0 1481044519 0 580573509 0 0 493552882 0 0 0 0 0 0 629036393 
0 0 0 0 0 1404905801 755041833 0 0 0 0 1686671909 0 0 0 0 1738559028 0 0 1428609092 0 0 1368967526 62926092 0 0 1299399298 0 1868846886 1723578443 0 166259456 1827189147 0 0 0 2029009883 2117668108 0 0 0 0 1979310384 0 0 0 0 0 300227394 0 0 2017084252 761874407 1417003918 0 0 688674807 0 0 0 0 543305700 576297501 487726288 
1167409782 0 1019794083 1048936018 1909108236 0 0 0 0 1173401229 0 0 0 101931862 0 0 1524581613 0 507173274 138972373 0 0 0 1810690657 1671625965 0 0 0 202660785 0 0 0 440982684 1839683478 0 0 0 1613097431 1514583085 0 639015012 0 0 976360287 0 331000772 0 0 0 0 225674290 0 0 73478702 821235565 0 0 0 0 0 1544023175 0 0 0 
781717202 0 0 0 0 0 0 1681716874 14901010 866983737 0 0 1197984510 2124526470 811206878 1233997215 2098149053 0 244542122 363987959 1110359870 1065777687 301452829 843193657 0 571080806 0 0 1660598178 0 1194320046 0 0 0 0 0 0 0 2090792888 0 1911255493 0 1381084422 961756355 430945576 44807652 0 381610982 1081688821 292812044 745598941 0 0 0 0 0 0 0 380678577 0 0 0 1426078840 969590806 
0 129908442 1378666821 1303642955 0 0 0 0 0 0 0 59340744 0 1947978319 0 0 93306716 0 217401059 0 86118789 0 475777191 0 0 0 0 0 0 2114093666 0 0 0 0 0 1270698658 1602606089 2062316972 61167052 0 0 0 0 0 0 0 0 0 0 590040783 1159089637 856479535 1695200543 0 413247254 0 0 0 0 627809693 1067872098 0 0 0 
0 1675839498 0 0 0 348772621 120412920 551845689 0 1410754921 0 0 0 1124289123 0 0 0 0 0 1262046802 0 0 0 0 0 0 0 0 0 0 0 0 55982691 213331898 1310426455 0 0 0 51017555 0 0 0 0 0 0 2131047575 0 0 0 1780039382 0 0 0 0 1229170409 0 1580351309 183052307 1269491360 0 710679148 0 545640726 0 
0 0 265833705 0 1139422909 0 0 0 0 1047759244 1374725559 0 0 0 0 1657220822 0 853674820 265351730 0 748443402 0 0 0 0 0 0 0 0 0 0 0 707644907 0 0 0 0 995213165 0 562151317 2042972409 0 1461141961 0 0 0 0 0 412642464 0 0 0 0 0 0 1726513775 0 0 0 0 647395303 827231859 0 1355040210 
2100497349 0 0 1543130452 348582976 0 2105281770 244071737 1200618094 0 0 0 977907727 0 1806488433 1390550191 0 1804279491 0 0 0 1746549341 1937303071 1913321544 0 0 0 2042278575 436851355 0 0 0 0 0 0 949346779 0 0 1193418516 1797852418 0 0 0 0 0 0 0 0 1460506790 1787376747 0 0 1386442441 0 1927243546 0 1596329500 0 528636991 2033180855 0 0 0 0 
1935447997 61074126 0 0 0 0 0 0 2034332173 0 0 0 0 0 1549717479 0 1982425758 0 0 1221384551 0 0 0 0 917280138 236379959 0 2138748322 0 0 0 0 0 290108131 40531462 913914326 0 76098906 1880548502 1994470291 0 0 1558086486 0 0 0 0 722364296 411961080 0 1943748847 0 0 0 590024818 0 1887871774 1362918645 0 1755240214 0 0 0 0 
0 1451104465 139851983 0 0 0 1578389234 0 565290014 0 1433998356 1452712200 0 233944876 27592849 0 197337444 0 2064101669 0 0 506642839 0 0 0 0 0 2133452572 0 0 0 0 0 0 0 917408100 1372159051 0 0 0 0 1840015044 0 0 0 0 1572362971 0 0 0 0 0 1995623832 0 1637732720 1717701668 0 313743627 0 90250969 400327538 915577174 0 0 
267335739 0 707940366 0 0 1113957054 0 0 0 0 1968128129 0 0 1393007452 0 0 734504797 2084528114 0 0 0 0 152863001 0 967556940 0 196480060 0 0 0 0 891962860 0 0 0 0 0 0 2134566268 0 0 0 224800042 0 0 1081578481 0 1935239350 0 1743179486 370400683 0 249509151 523263685 922493495 0 0 1118973555 0 0 0 0 1748903613 0 
0 0 0 0 0 0 0 0 0 1864223007 0 1508937732 0 259610250 0 0 0 0 485721545 0 0 0 1321881332 275187786 0 0 0 0 0 0 0 0 0 0 375125753 0 1193105397 2014548718 0 1501308576 1731288077 0 862762660 382122270 0 0 51579410 0 1679066564 537300956 111962857 1721940719 1945515997 0 1997128506 177737297 0 981773397 0 105973423 0 0 480995178 286780725 
0 0 0 1286077923 0 0 0 306990432 0 0 0 913376805 0 0 0 1046220874 0 1032487280 620677946 0 318847822 0 0 0 0 474870058 0 1019934454 2022696912 1951525220 1306715179 0 0 0 0 0 0 1894166565 0 0 0 0 0 0 0 0 0 0 0 0 0 337407570 0 285474010 1701964189 0 0 0 0 0 829052155 0 0 0 
0 0 0 0 0 0 0 0 0 104608352 1323057275 0 0 0 1575732434 0 0 0 0 0 0 0 1491309136 1653261809 0 0 141335495 855191417 364632464 0 0 0 455601809 0 0 2060291564 0 0 0 0 859057757 0 0 0 633233321 0 0 1607448474 1050611338 653110931 1040420694 0 1801723258 0 0 1827862520 658859393 1590642735 0 0 0 732492719 1294442834 0 
1654494668 0 0 696947778 764281339 1176009885 0 0 0 0 0 0 0 632056819 0 600517813 1285167751 2104564807 0 0 341327341 1845870484 0 0 0 0 0 0 0 0 0 0 1180469713 0 0 0 1706280463 183628086 0 0 1437850600 846200526 0 987757074 0 1050582532 1588274887 0 0 0 1555348810 0 0 0 201694120 0 0 0 154554522 923373516 0 0 0 0 
658448246 0 78780313 0 0 0 746987842 0 0 733426261 576826638 0 0 0 0 644188837 0 1700167650 1993179870 1538197329 0 47390342 0 0 0 370039095 0 1373806252 0 0 0 1156665010 0 0 1373910072 0 0 0 1860313667 0 706840527 0 0 343365673 0 957802563 0 162246895 0 0 0 0 0 0 854165283 0 0 0 0 636701009 0 1887562249 1793366019 0 
1474178076 0 0 412697069 0 1912513755 0 0 54686764 0 0 361961298 0 0 524208194 0 0 0 1921414571 449891935 0 0 1455812418 2131581813 0 1688055506 620799174 0 1428134107 266681545 0 0 0 0 1167525604 132197050 0 716845358 0 0 0 0 0 0 0 0 0 0 0 1856294762 0 0 336907320 0 1718283404 0 1479700746 191598930 335794814 0 0 0 0 0 
347143449 0 0 1217689741 0 0 0 183732243 0 1282633505 0 1606575732 946552406 370383665 1640000267 0 79194779 0 0 416102099 1914961976 0 0 1247179074 36740356 2110298910 0 495020832 0 1375226371 92291649 1699069623 0 1969243164 0 0 0 0 0 0 0 0 1984965813 0 0 0 0 2083845636 1453315520 0 0 0 1653540301 0 0 0 2089783446 180535907 37817841 1294225972 0 0 0 0 
0 1615087664 0 1335340678 0 0 1713730759 132183606 0 1551212924 0 728988994 0 0 665350982 0 26089522 1017815070 0 0 997299606 0 0 939599404 1908862612 0 86341729 0 1390354165 0 0 1342223172 0 0 530080203 0 0 96327314 764260181 784035195 0 0 0 0 0 30891524 0 0 1048706594 0 0 2046006200 0 0 0 0 0 0 0 0 0 976413216 0 0 
1651072032 0 0 1563285442 0 1505228163 0 565532919 0 0 946801217 0 0 1515113095 0 0 1343778755 0 0 753287472 1307799436 1381620160 2071658801 0 0 0 258620198 0 0 697689010 0 892205677 0 0 0 0 0 0 1150363625 1175943248 0 0 0 0 0 0 0 661089397 0 857964905 0 0 92101417 0 0 0 0 0 0 0 0 0 0 354270300 
812654151 0 0 887991968 552463708 0 2063935216 625685702 0 0 295176753 0 0 609643454 2017545864 0 1467608359 1284439085 1564315012 0 0 1442921727 1810411393 0 0 0 0 0 0 0 0 689078274 851900678 0 1577070242 1404364387 1502933207 1493521810 0 1394595384 1499589974 0 0 0 0 0 0 0 0 0 0 86093317 0 1330148882 164873230 0 1111512156 0 1755587372 0 0 0 0 0 
0 1106601147 4122089 0 0 0 0 0 64431725 997036664 300334800 0 0 1495923172 0 0 2108342907 0 0 0 1809216106 1332219488 0 0 0 0 0 0 0 1290711800 0 0 0 0 0 0 0 230547250 0 0 1227583914 0 1869921467 550767349 0 0 0 116847829 0 0 0 822567236 0 0 0 0 0 0 0 0 0 1635377615 0 0 
0 0 1305035159 1508548174 0 0 0 1340346257 472314802 101605439 0 628303372 0 0 745151202 0 0 0 0 0 0 0 2121049356 85152934 1277128661 0 1439567172 1629865911 0 0 84948812 0 1366918568 1389983971 0 1479680911 1054749728 0 0 0 430690932 416173479 0 1214063925 1791823727 0 0 0 0 1630079407 0 1409272455 1697698970 1362107176 0 0 1908189751 0 0 0 0 394675059 0 1490647309 
1784659030 0 0 0 0 0 71505993 1093230291 0 0 0 1555901652 0 1170598616 1080291232 0 0 321349052 1577966075 203409698 1683456229 924907817 0 0 0 1340479928 0 1835145471 1735154987 0 0 0 0 0 0 0 0 0 0 0 0 1723931405 521554080 0 747046373 0 1068787398 0 1923194364 0 0 0 1424177642 0 0 0 0 0 0 1415071747 0 1854081681 639918469 0 
1707751739 556690301 1748829662 0 0 0 0 0 0 0 0 0 1998378063 0 0 0 0 0 1085772077 0 0 0 0 0 1688824665 1873880820 1779793871 1010928945 0 0 141384412 1140746945 0 1890214074 0 1373887119 0 0 0 0 0 0 991589221 0 0 0 0 571623278 0 0 781620825 468513902 431506644 1979729097 833236026 2120331309 1706126270 465546249 0 0 0 0 0 1566693934 
867891445 0 793097405 0 0 632137075 1278716962 2134127136 0 0 0 0 1856129841 1810723022 0 0 0 0 2108352283 0 660232353 0 0 0 0 0 1357996451 1997425851 0 1490381225 0 1634311689 0 0 0 1337898064 694386969 394150079 0 0 516972615 1336180418 0 225618808 999419792 0 0 1400031753 0 0 0 0 0 889632976 0 1732597747 0 0 0 0 312423535 851692439 784140487 0 
0 0 0 1608329302 0 0 2139139345 0 0 2144692188 0 393367957 0 754288648 0 0 0 0 0 906077661 0 2080700972 0 1151107950 0 0 300936748 1215166817 777940501 1085077235 0 1691882834 984650839 1933655734 1152728488 0 2138907129 0 2089070821 1532855294 0 0 0 0 1732190929 0 0 17838106 0 0 0 0 0 0 0 1129918251 0 0 197601420 2119296092 0 0 0 0 
0 668940119 280634186 0 0 222221360 266030877 0 0 44770480 1998153569 0 0 0 0 0 116897391 1726584796 0 0 0 0 0 188080618 554179796 0 0 719272269 0 0 0 0 0 0 0 10885468 224387480 515614257 0 0 0 0 0 0 0 0 0 608825909 443628572 0 952898269 0 0 279405231 1625917866 0 0 1785810929 0 430685661 0 1671226447 0 1806960434 
1673392567 0 0 1897780047 0 488681105 0 1125192185 0 0 1155003069 0 0 0 110940656 397338264 0 0 0 1835282523 1343244157 0 0 1146757771 951937011 720431986 1577443433 0 244174785 0 2073329419 1917567353 0 0 0 1991053881 0 695187625 0 0 0 0 0 1885563233 0 0 135417849 944800453 0 1970593361 0 1115213845 0 0 0 2088656455 0 1691931402 0 0 921500997 0 0 200263783 
0 0 43834017 1961968369 0 1012596435 0 0 0 0 0 0 509848246 11462333 1719439105 281817934 1982055694 0 0 971291490 0 0 0 0 0 0 0 0 1253393653 0 0 982989243 0 0 0 0 0 0 0 2075557363 1508751528 0 0 0 275105327 0 0 0 0 0 1080968864 0 0 0 1966258219 1969969444 0 0 0 0 156009738 0 1054854851 52048341 
1904285586 0 0 0 1559362861 689280461 0 0 0 1474267110 791746867 1228028782 0 0 1337706156 0 0 271191372 0 0 0 0 1083650858 1083096488 0 0 1154962096 0 0 62333299 0 175642730 1914662115 0 1019123756 0 0 0 99688421 0 0 891435288 0 0 0 0 0 35795688 0 0 0 0 0 0 0 858879096 0 0 919830018 0 0 0 0 0 
1447510496 0 0 0 78567947 0 0 1196029908 806253125 0 1914943156 0 0 567046655 0 0 1534421899 1827642131 0 0 2060770090 0 1199755259 882535909 1403976417 0 0 0 0 1686875508 761457772 0 2122248605 0 708946283 0 491405024 0 0 0 325672916 1016822320 1792543843 2104145963 0 0 186495860 0 0 0 0 0 1729730887 0 0 0 336056629 774864931 1111609694 0 314256791 1873067466 1645945299 289021748 
0 0 0 0 1229744225 1591717465 2091234180 1555417141 0 1736294375 0 0 0 0 868248691 0 0 32448433 1537122515 0 0 41361278 1251877003 732460063 0 216003049 2073447603 1130483000 0 0 1419504748 243757873 1779317188 0 0 0 0 981084435 0 1667149355 569895162 0 0 0 1332682385 0 2102383479 2016088492 317804297 1492022346 0 714207730 1533383625 0 1446667793 0 0 1372631748 0 0 0 0 0 428890895 
0 677333239 0 0 1658417674 1559979920 944764966 0 0 361872138 415276655 0 0 0 247890569 965032299 0 0 0 0 0 0 0 0 0 635350536 0 0 0 259179348 0 0 936512587 572505538 0 0 0 1681367440 0 0 0 0 0 0 0 0 1508016233 1028444130 0 1039772615 129059292 0 0 1579284289 884669062 0 0 0 1074915049 1307132001 1763028423 0 0 0 
929457465 1355237691 999503976 0 889121484 1527779778 0 0 0 1504438952 0 1637577532 0 0 0 1204150605 0 0 0 1598879691 79397948 0 0 0 0 0 0 722460381 0 2072316343 1274517744 0 0 126538072 0 21708223 0 600045957 806585638 0 0 2134446986 1468260321 0 0 1986798335 0 0 0 0 1854919863 0 0 1380601325 0 0 1981197835 19056546 0 791262624 2091372889 0 0 1223959628 
0 1184766408 0 0 1784812366 2052253489 0 0 2039216828 0 714551641 567090452 226392777 0 823130624 0 1934209996 0 1279614713 432562616 0 0 0 0 0 365559452 0 0 1967805804 0 0 0 0 0 0 1741541334 0 0 0 0 0 0 493673225 0 0 0 0 0 1847370690 14966030 1013668531 1611055207 0 0 1208453911 0 1417058826 0 0 0 0 563834309 0 0 
0 1276245475 2067348102 0 0 0 0 0 1158675075 1149019654 0 0 0 0 386676908 0 1842773409 1400345439 0 1702729571 0 0 0 1721419992 0 0 0 508961761 1522505483 0 0 68935896 0 754632983 0 1411387873 2010368751 0 39346445 1021560178 0 0 827131171 772921842 664642590 1213808079 791148740 0 0 272947197 0 771031036 0 1341910687 344967380 0 153098213 1156284707 1612045287 1675603696 0 299330168 0 1038205372 
0 394755496 0 0 0 0 1938408432 154899814 0 0 927821656 0 0 0 0 0 0 0 0 807633510 1459955159 0 0 0 0 0 0 734972035 0 0 1773177407 0 1132984861 2075287005 0 0 269259401 0 988202503 0 1906917343 0 0 0 1487510907 0 0 0 1758878818 0 2139578362 0 0 0 0 0 0 0 0 0 268839192 0 1238820325 1401824053 
0 589273280 0 0 0 1075845597 2065123251 0 844386108 0 1081382446 0 848958451 0 0 460353621 0 0 1531703951 0 1263781037 2068624006 742063477 0 0 0 0 1868073025 0 0 0 0 0 0 185856940 0 138418473 0 0 0 0 0 0 0 0 0 620932720 0 2044545452 5153023 1439022931 1160842841 0 0 1407747010 1525527214 1422998667 0 0 0 160872332 0 0 0 
0 0 0 1569521370 0 867997399 404842303 0 1755361685 1572060251 415258336 0 2108152770 0 1780808959 0 1041344080 0 0 967637461 0 0 0 381466023 443736639 1591797619 0 0 0 1973108245 1350727407 0 0 265259319 0 0 0 0 0 0 0 0 0 0 0 1545949178 0 0 0 1184893690 0 1576764776 1463730821 0 0 0 818383111 1130150289 0 0 955774886 1715320191 0 0 
