0 1047660326 0 1882083132 0 0 0 0 1318396528 446250910 0 1758506670 0 0 0 699680880 0 871799335 0 0 0 0 0 1818244603 1431599890 0 0 0 0 393227210 1441515827 0 0 1330350211 987404393 1597996428 0 0 1554714470 0 0 0 1247861967 0 0 0 0 0 0 0 0 0 328975087 0 0 1760574977 0 701544796 0 0 0 0 0 0 
0 0 0 0 1399305403 0 1318882124 1640390295 886648806 419260443 0 0 0 0 0 0 339644795 0 0 0 837521666 2099951394 0 0 0 0 0 1748784549 0 0 2136960444 0 140975808 1975649119 0 0 0 1713673498 0 2108217423 0 1054982419 0 1266615036 157862125 535601930 0 0 0 1634803705 1166126803 0 0 1447838015 1881445257 0 468767599 1948366262 1842584894 0 0 0 0 0 
1660227162 777970951 0 734312131 344160801 1051831878 695045907 0 0 1811006256 0 117192775 199124538 1582742250 614699696 0 0 1780826499 1719175617 0 0 1453137227 0 0 0 0 0 1738890490 0 0 217253298 0 0 235897318 0 0 0 925431297 907818623 0 0 0 1364252621 0 0 0 0 0 1612295169 0 1371732126 0 0 0 2095940853 0 0 0 1051239920 0 0 0 1753537288 0 
0 0 0 0 0 197502062 1891695932 1350824234 0 1108464906 0 0 0 1319886717 1207764891 0 72562727 0 0 278375963 0 899194689 1738209041 0 2068031742 0 496543321 0 0 0 0 0 2086519640 0 1912001507 0 891605983 0 0 0 0 0 0 0 1215552654 0 1961873721 1288115381 0 765127557 1566491344 1543758941 1664322246 1157216738 1930321880 1584870340 0 279381553 0 1562156935 0 0 0 0 
0 446556567 0 0 0 0 0 0 821833672 1915231883 2129610385 2037386326 0 1944000459 1178018059 0 561644368 0 1299703435 0 0 0 1663353307 0 1361923221 0 0 1743901736 0 1502652893 0 819873746 0 0 1645368100 0 1865521159 1769047957 329494284 0 1536796192 0 0 0 0 0 0 0 0 0 0 0 0 0 0 1361523218 1910335751 0 957941306 0 1245817200 0 1468711224 0 
0 0 0 0 0 0 0 2124956178 0 0 0 0 1962718154 1898688769 0 0 815747099 0 0 815347096 0 0 0 851359326 349859485 0 0 0 1862701873 0 495736050 0 1788020056 0 0 228696394 0 0 0 0 0 0 0 0 2091224273 1214960852 883108387 759487724 2039333247 0 0 0 1026464974 0 0 0 0 0 824517497 0 0 0 0 1646390092 
0 456972679 0 759919243 1297351791 0 0 345173490 126307268 1483817820 0 0 551295024 91338082 0 0 0 0 0 0 0 0 766413663 157690439 0 0 316974475 3049638 763701059 2006204062 1649439730 0 0 0 0 0 0 0 0 0 1677980154 0 0 0 1257786152 0 524936154 0 446108255 0 0 0 0 0 0 0 1368844410 0 1056417138 2132545470 0 0 0 808811307 
0 0 274372544 0 0 85107271 0 0 0 0 877472876 0 2084775389 0 2130751876 0 0 0 0 0 0 860556205 1017934734 141525475 1494954005 0 0 0 485241446 1348411664 649399878 273173588 271950522 0 0 0 0 0 0 0 1508374770 0 474809234 0 317731319 0 1829066509 0 1600328925 0 1485661537 0 0 0 514535466 432742305 0 641122763 0 0 0 922730754 0 114001301 
0 265832299 0 707899224 0 1836469723 0 0 0 1295659846 685210780 1069523331 0 0 0 1206582586 0 0 1579592576 0 137424499 0 0 0 0 0 1188627642 0 1158101619 0 543819239 0 348372176 0 0 0 1883941978 238387336 0 0 0 0 0 0 518574011 2000907660 199399781 0 1782219535 0 639381078 0 0 601421066 192565734 0 836791931 0 595738199 0 0 0 0 0 
0 0 0 0 360455111 0 0 0 1657480711 0 0 28571074 0 0 1138654469 310188290 718227979 0 82348676 296381083 231972965 0 462301345 1068764896 0 0 0 972357391 50113335 0 0 1237143028 1742773624 528626276 0 0 2034326618 0 1850247381 1544323681 0 0 0 0 1676802492 564065577 0 0 0 1167419880 0 426590441 0 0 1495355338 0 2064268798 0 0 0 0 0 0 0 
941437622 1217188917 0 828280592 0 1138551134 0 594021549 0 1798015381 0 0 214597310 306492018 0 409214786 1473911898 0 0 0 0 183676918 0 824958688 0 0 0 184992096 0 0 0 0 0 0 0 0 2091889297 0 6732896 0 0 0 0 1620848723 0 0 0 1008557626 0 718385089 0 951643760 902062007 0 1776602448 0 697626982 0 0 0 269391013 0 0 0 
0 543941689 747706317 1950072083 0 754439213 1475628441 0 2130076571 0 0 0 0 0 525796278 0 0 155632797 1248294271 0 0 0 1737122932 55333620 0 0 513841442 0 0 0 0 2034927851 0 0 0 223303487 109953262 1165661079 0 92546185 0 0 0 1530495721 0 0 0 1065692758 291213913 927956856 0 0 0 0 0 0 0 218095614 0 0 0 1131863115 0 0 
0 1773824614 39708946 0 0 1821441566 689876611 0 340001097 299661449 1452329551 1920418345 0 0 0 0 2059948992 0 0 0 0 0 0 1206446351 0 0 0 0 0 1191618802 2006895616 0 817959768 0 0 0 1720562481 0 1531795643 2060563578 0 0 0 0 0 0 976039197 0 668816166 1351416227 0 0 0 0 0 0 733792637 22449341 0 0 0 0 0 0 
1530313638 0 0 1103392471 1483290551 878818073 0 0 0 0 1547213424 1536609654 0 0 1270225033 1895945277 0 0 1604121440 0 0 0 0 0 0 0 0 0 1847529411 608791873 1492322055 1230359401 0 839344485 0 1913210622 0 1202740626 0 0 1905227655 0 675264537 0 838856428 0 0 0 0 0 1429306964 0 561232846 0 1915562577 954942494 90199584 0 415236637 1937728995 0 1907558692 0 0 
599419529 0 0 0 0 0 1456236970 19873959 0 2131501507 0 0 1929507429 1738081824 0 0 1928054364 103182827 931205690 341803563 0 0 0 0 79829317 1711982694 2004974303 0 1472057738 878095403 488422529 2071477267 2084968377 0 0 0 1921747439 0 0 0 0 1224235717 0 0 814833893 0 0 0 0 0 937208173 642598485 0 86470582 0 1033428389 0 567334448 1102594276 0 0 1591016805 1047020985 1382914581 
116939302 1141113043 1582529262 0 0 0 0 2078305311 878769971 1117906056 1247192332 1693603864 0 0 0 0 0 0 0 0 0 0 664159360 0 2118121831 0 0 0 1210286794 0 651498968 0 1979850956 0 0 0 0 0 0 619848807 0 0 0 0 0 307493850 0 0 0 0 0 0 0 1096663052 0 1511770182 0 1011836920 780354569 0 0 1431853537 1105962283 0 
0 176907824 0 0 624748998 0 1879325762 0 0 0 1141552153 0 0 290953181 0 0 0 837221288 0 0 1933884341 0 0 0 0 0 0 0 0 0 1318501562 622355263 1563940028 0 0 0 0 1613674333 0 0 0 0 0 0 0 1082667577 0 0 0 1008833621 0 0 2076948586 0 0 0 331787181 342209565 0 0 1729241769 0 58099588 0 
2046279945 0 0 0 1406122491 0 0 770124314 0 953485143 0 1866131247 0 1500269774 0 0 0 0 1367363848 291084685 0 0 0 0 0 0 1121883721 0 0 0 350685681 0 0 0 0 231070311 0 1988849777 0 0 0 0 0 0 693411877 0 0 0 0 1711958482 0 147488497 0 0 0 616207736 0 808027966 0 0 0 171880949 0 0 
0 0 0 223213558 1388647249 0 0 36014874 0 0 0 1931778011 2061598803 1064129852 0 854735086 0 0 0 0 1537092817 0 90307101 539253795 1496395796 2058986017 7919387 1336923423 0 0 0 1792853476 0 0 0 630330613 944168660 0 0 0 0 0 0 0 0 0 0 931131597 696630146 0 0 0 0 0 0 0 0 633412498 1915873037 0 475298390 0 0 0 
817216536 0 0 0 0 0 0 0 0 1615781852 0 554581823 0 0 0 0 0 0 0 0 0 0 0 0 0 220607845 0 496559514 2138879752 1272256562 0 808612640 1276633529 560853635 0 235958795 0 71466883 0 0 0 0 233664579 0 1072008244 0 0 0 0 0 0 0 0 0 0 809283551 0 0 0 252730869 0 0 1061343510 0 
0 0 0 1507265811 1555324581 0 0 1095089669 763064062 0 0 0 0 0 1550311928 307262583 0 1138820392 0 0 0 62009582 2102155227 1440882077 0 1260514644 0 0 0 607472809 0 565169649 0 1278011273 2072435460 0 0 0 446777462 1981176543 0 0 0 0 0 1071593482 1682999956 0 0 0 2110998293 0 1606626005 2065669872 0 0 0 82005268 0 0 689478077 0 0 633324936 
0 153754011 0 223449123 0 0 0 0 0 0 877137992 1953669480 0 0 624312450 0 0 587827095 1955424821 1416413082 0 0 0 0 425822410 0 1348346738 0 572765569 0 0 0 0 0 0 848473691 0 0 0 1658336809 0 0 0 87133981 1639666603 2088835091 0 1449453680 0 0 718383114 0 0 0 572422399 0 1543277136 0 0 0 1350434426 0 0 0 
0 1495696253 0 1698203456 0 2132201728 0 791506533 1211730382 0 0 0 467447054 1678721778 0 996625593 0 0 0 1091100147 1569587069 456756203 0 965380557 230041693 0 0 0 0 0 366846198 146153035 1976297137 0 1844356491 0 0 0 1974709630 1198138431 0 0 0 0 0 1907935139 0 376365195 0 0 1467465342 0 0 0 0 0 0 1806141568 752738241 921395425 0 1119584440 0 0 
0 764421303 0 0 0 0 0 954892186 1684367870 0 0 0 1820840500 1455494732 150354044 158074827 0 0 0 0 0 0 0 0 595756097 0 0 0 0 1408557309 0 0 0 1854362587 0 0 0 0 0 0 80480008 1210134928 0 0 0 0 0 0 0 0 0 876022736 0 0 295636159 0 0 0 0 0 0 0 0 0 
0 0 1619059361 0 0 0 0 0 1184964908 0 0 1703110920 1557665233 0 0 0 0 1504500247 2050631137 143946660 0 0 1653608844 1550582671 0 0 0 733147325 0 0 656360959 0 0 0 0 0 0 0 0 0 634193659 1232134127 0 0 0 0 0 0 0 0 2006837672 0 1320914783 0 0 0 0 0 0 0 0 0 283155967 310422039 
1526304748 0 466267428 0 0 0 769319312 96300563 0 1612678145 140675808 1927097850 0 0 0 538393246 0 1501859238 0 1655221723 867338459 0 0 0 0 0 1356017087 0 1656973059 0 0 1035794160 1878144104 0 517381912 0 1471163225 1286701225 1436551570 765410637 0 0 545024839 0 789403184 0 0 1123710124 1541905643 1269301572 0 261760455 1592945061 0 0 268757483 406651049 1453913857 753634309 2063624108 0 0 951934620 0 
0 1469316533 2016514728 2134179046 0 0 752106035 0 735326381 0 288127478 1524729565 1337177279 0 0 0 0 0 0 0 0 0 0 0 397686709 0 0 0 892822674 0 2019553694 1555838495 1877009320 0 0 0 0 0 0 1782010157 1444287154 0 0 0 1740835462 0 1365580059 0 0 0 0 0 1302712640 0 1465200719 1700399349 0 0 0 2060304123 0 768275721 1468658970 1058177346 
0 0 1396237129 0 1010865495 0 0 307669001 0 202359559 941649786 0 0 159746198 996600111 0 0 0 138320099 1673914979 0 0 0 0 0 2123036356 0 0 0 0 0 1253205276 876264338 0 0 1887129834 0 0 47315187 0 0 0 0 0 0 0 2130037705 0 0 0 1046344842 0 0 0 1152166139 0 101244583 0 0 0 1856101063 0 2098278288 0 
2140991458 0 324527939 805845816 317462628 0 257076715 0 0 0 1994524895 0 915595332 0 0 1678124270 2097953110 780810330 0 0 906502206 0 0 1007746789 752475868 1140843292 0 0 0 0 0 0 0 0 2068609818 586170315 0 0 810878239 0 266238853 0 0 0 487514792 0 712474807 437984254 0 0 2112848692 0 1673135821 0 0 0 0 0 0 0 961214296 0 0 1229921982 
1008215690 0 0 603078146 0 479486889 0 0 0 728971236 0 1624921168 1781142905 1084426309 0 1466641257 0 0 2058641815 1226800727 0 1510905515 0 0 668505368 96666445 0 0 1881862807 0 0 0 0 380766648 1345672996 0 0 0 0 0 1485909286 0 0 0 0 0 0 0 0 0 0 0 1860789836 0 0 0 1294348680 0 0 0 0 576205572 1771322690 76041120 
0 969512038 489317473 0 0 0 0 1064875727 0 0 36960623 1127827797 238051368 475686776 0 0 825571097 0 0 0 0 0 0 0 612190639 784736415 0 0 1360941987 0 0 170430559 0 1911676112 0 0 0 0 1897002358 0 355106854 1933962981 1052787720 0 0 646568257 2102515616 1087737207 2080585908 0 1626614492 417318498 0 0 0 0 1184556101 0 0 0 0 0 568445000 97533574 
1387529812 408617669 0 0 0 0 0 0 0 74697416 0 0 0 0 1815561564 0 0 1294692409 1071686431 0 1694512095 1120086199 1979756574 0 0 0 0 0 0 0 770202036 0 0 0 0 0 0 0 0 0 0 568676085 0 1958941350 0 0 0 0 240326791 0 658467469 1934838886 510114618 0 518939787 190926048 0 1648538777 0 0 0 0 929732510 1158277129 
0 0 0 1417732647 0 737866149 0 0 1306542234 0 0 0 0 1453771057 80596164 0 843799475 0 365821280 0 1229804029 0 0 0 0 0 0 0 0 0 0 0 0 0 0 1431271754 0 171152797 460275825 0 1563657666 1448221247 0 1901796917 754508656 0 332779311 1598308131 0 0 804738577 0 0 202095071 1286830407 0 463046075 0 1406609524 210309978 1495382467 2002318321 0 840358532 
1336707325 0 0 0 0 584422464 640276217 934763879 2032643711 0 689077148 639668719 0 1021856460 0 0 0 0 0 0 0 0 978029273 1560372926 0 0 1770682904 0 0 0 0 0 2114385340 0 0 0 929142430 0 272771784 814302493 1601782583 0 0 0 1983705392 1544464414 0 0 0 1985187027 0 1389539396 1091262821 1543559485 0 0 0 0 0 1872704458 1192576208 724366921 1153917958 1159477901 
0 0 0 0 0 0 665048162 0 1732106522 0 0 0 1516000140 0 0 1808212686 0 0 0 718581621 0 0 0 0 0 0 0 1323417601 0 1451499221 0 0 0 0 0 27688348 1603155250 0 0 1187778124 0 0 608622743 0 217306268 0 0 1992108716 0 411284048 0 1920845604 116497509 257883461 0 0 0 643303671 1570756503 1379191112 0 1906168357 1223631637 1095428755 
0 0 1123117103 0 0 0 0 0 2059857721 1843654839 0 0 0 672124457 0 0 0 537512100 0 1199906014 795395561 0 0 1251749388 0 870517771 0 0 0 0 1921685877 0 478422673 0 1268038820 0 0 355587268 1220813482 294376631 0 0 0 0 0 398362383 1450625650 0 935874483 0 1192394007 1731270044 1576171654 492155275 835535784 0 0 0 1133883006 0 878597479 908085236 0 0 
0 0 0 0 0 0 0 0 0 0 0 0 1156719467 1230295439 1473831006 0 423349239 518741365 1676380346 1999520893 1010896641 364432483 0 0 1683425120 1293546135 0 0 0 0 0 0 0 591086821 0 1862705719 0 86292235 308299700 0 844649319 87969489 0 0 1318264929 1863898272 0 1741614168 0 0 0 0 0 1753314542 1472138670 1375749741 899377029 0 0 0 530787590 0 665593397 0 
0 0 0 0 0 0 0 0 0 1935670507 0 0 0 0 0 0 329299792 0 985810103 21624413 0 0 1397374155 0 0 1040179199 0 0 307059699 0 0 0 569172915 0 654422362 0 0 0 274094099 0 0 0 0 0 0 0 0 0 943151584 0 0 0 0 2078728678 0 0 0 0 0 1278483929 0 0 0 0 
0 2097933312 536001665 862096216 0 810095764 0 0 0 0 1336534381 469548746 0 421622152 0 0 492520025 0 95110362 0 0 0 960844091 565818992 0 0 1844302922 1282243110 0 1140330224 745194104 0 0 0 2036121496 0 2091291533 0 0 0 1610908806 0 0 39140138 0 1681753916 1558006702 0 0 1653117064 0 0 0 727928323 1505117403 0 0 0 380164961 0 194783253 1125359065 0 1285563142 
259071186 0 0 0 2132029105 0 285805385 1595454263 1295885625 0 0 0 0 1045117455 0 0 550750871 0 509269125 0 0 2014386528 0 0 0 1033261799 362665241 0 0 0 0 0 1130884715 0 0 1115430172 0 758892859 0 0 0 0 0 0 1095628997 1385116704 1539694732 0 1889452599 0 1054071207 0 0 0 2071132877 0 0 0 0 604083412 0 355064116 874291815 0 
0 0 0 644030033 0 0 0 0 0 0 0 749659444 1480826363 770413259 0 1222795314 0 0 49544835 440276558 0 0 1277499205 0 0 0 0 1348279061 0 786149042 0 0 0 0 0 2092316833 0 0 0 0 0 0 0 0 1501926777 716333233 0 0 0 0 0 0 0 0 41561540 1453028687 0 0 0 265931215 0 0 0 0 
0 0 670445679 0 135528981 0 0 0 0 0 698158139 0 0 0 136050267 1225152939 941781828 0 0 0 0 0 1440847019 0 0 2094671120 0 0 2021462228 0 0 0 1602298626 0 712786016 0 1965820328 0 0 0 0 0 0 0 0 819371155 0 1701911872 0 1762497738 0 0 0 0 0 1421953618 0 0 0 804259628 1631557573 1092092731 1065598087 1086372552 
0 0 0 0 0 0 1278616289 2032947102 0 0 611351237 668553371 633824685 414908311 0 0 0 1912711799 0 0 0 2030327264 0 0 1676181631 740383770 0 1160255556 0 0 99144460 0 1031877298 0 0 0 0 0 0 0 222260482 0 0 0 0 0 0 339291209 0 0 0 0 0 0 0 0 1497538694 0 718476621 1182531547 0 0 0 1110986547 
1593482054 0 0 0 0 0 0 0 0 0 0 0 0 986517191 0 0 1133196657 0 483711342 1162719738 929263303 0 0 279318349 0 0 0 1878673945 109554857 1068563038 0 0 0 0 0 0 1142550807 1587770696 461632491 0 0 0 0 0 1670206091 0 1441872669 655919100 0 1925584012 0 0 0 0 0 0 0 0 135320352 0 0 977497197 0 0 
0 0 1675449713 0 1731553903 2137082204 4642819 0 673287455 0 0 196009898 1988152594 1251737903 0 1171963274 0 0 0 1781887273 0 1677429590 0 0 1384188172 0 0 12026143 0 0 591814606 0 0 0 508063880 1617269580 109379227 512706699 1657338962 0 0 0 978676581 1182342291 0 0 206821917 0 206206121 0 0 1121386303 0 0 0 0 1448088057 0 0 451955638 0 862350391 0 0 
0 0 0 0 0 720680227 0 0 40400775 705369906 1033948533 0 388491838 1240770450 0 594697959 585145976 0 0 0 0 1289196870 0 0 1255104057 0 0 962943713 850863262 0 556499045 1832994324 2109522526 0 777020966 0 0 0 471061665 0 1209084198 0 0 0 0 0 0 0 0 0 0 0 0 0 369192286 0 0 549875354 973151955 0 367204387 0 885774318 0 
0 1662795285 948698689 1490011848 0 0 0 0 777286905 0 0 0 0 0 0 1987024726 0 0 0 0 0 0 1249179902 1764741546 0 0 0 0 0 0 2095521227 0 1218607495 0 2096518721 1237633424 0 0 0 0 388714638 996462417 0 15913882 0 0 0 0 0 0 0 0 1184659115 0 0 0 0 0 0 1928370792 898846195 0 387394017 0 
0 0 0 1068830177 0 0 0 0 0 42046545 413542197 2094297419 627989917 268997158 0 120903297 604458053 0 1029157844 1789117168 0 0 0 1575391301 750220625 0 0 1649066820 136006852 0 0 0 0 0 2104654232 2089015230 57536402 1972300640 339159898 0 0 0 0 494853455 0 0 615756752 0 0 0 1267790827 340893960 0 0 0 0 0 0 0 0 0 0 0 653886778 
0 460117151 0 0 0 0 1944529872 151797681 0 0 646651136 0 410600076 0 0 1647457965 0 0 1988351925 0 0 1757153538 0 0 734749948 623199674 1451872006 0 0 0 0 705789204 267452076 557840311 70456888 0 0 0 704183901 1032215275 0 1350835037 0 0 0 0 0 1225598116 0 1942667966 890054542 0 0 0 0 139604156 0 442162040 0 83723132 249496965 0 0 516949041 
2115885238 0 1069335261 0 0 0 0 771213984 976870551 0 0 0 0 1179871749 0 72534229 975056067 0 0 0 0 0 0 305213233 805494140 2115137408 0 0 0 0 0 1494100277 2038417927 0 0 618406616 119827274 0 0 1096697826 0 0 0 0 1647564411 0 295478757 0 0 0 0 1796051522 2031852923 1374561537 0 0 0 342717472 1744854521 720430336 0 0 0 1412100454 
1663102781 874483754 0 1782930056 0 0 0 824756631 1740336685 0 0 0 0 1343179917 1715554279 0 864217092 0 0 0 0 1814829027 0 992410924 10062852 1035820656 1712841260 1531229027 0 0 795845833 0 506888332 0 1356197218 0 0 0 1211633644 1544366318 0 111851156 0 0 0 205370749 0 0 628488486 0 0 0 399844997 0 0 0 1247137674 836452649 0 0 468857227 0 0 975745559 
1268368318 0 1362622573 0 0 426772569 469280620 0 538623725 1106580739 2046409234 0 0 917860931 0 1940439975 0 0 0 0 0 1342735477 312629746 0 31704478 0 0 500561706 695782036 284612518 0 1964150354 0 0 0 0 1118218760 1358345277 0 0 0 1390399069 1503013636 1629393856 160776352 0 1422350183 1811136900 0 0 0 0 689242452 0 0 0 0 0 1221508637 681069907 0 550332254 0 0 
1241778445 1386801269 0 0 0 1516157528 1869356042 915105266 0 0 0 919849301 598351686 0 0 910103893 0 0 0 1855115086 0 1934589395 428578369 0 0 0 0 0 52935613 0 0 1294714058 432294613 0 0 0 0 0 1945062778 2084176042 0 194594605 0 0 0 1440044249 1814957971 0 0 2038933993 739980688 1618804554 0 0 0 582834865 671162416 0 741415534 0 0 0 0 0 
0 0 0 1659725709 0 0 0 0 0 305476150 0 547127574 1745520400 1339003208 0 1187958705 0 0 659279611 909009646 0 0 1491844511 2011695337 0 0 0 0 611453450 0 0 946076066 0 0 0 0 0 0 0 0 212728733 0 0 1958249133 1780606232 1044552844 998724190 863576138 0 0 0 0 1802774791 0 0 0 0 0 1680005380 0 0 0 0 0 
0 0 1163329090 1173758853 0 0 0 0 0 0 1001833841 0 0 2000558032 871704975 0 0 0 0 0 0 353742878 0 668993155 0 0 335686002 390092168 0 948454916 1402538279 211431957 2019541957 0 0 0 0 1476898110 0 726793202 1033681430 0 0 0 748890866 1606627014 0 112485404 2103434125 0 1278854733 0 0 0 0 0 0 0 0 380673491 1375354661 0 592105448 0 
870982046 0 0 0 0 1991793544 1949562197 192908504 0 0 0 0 2143627602 0 0 0 0 732873735 0 0 1011408037 1613012410 622770434 0 2039912155 0 202817132 0 125428805 0 0 996410851 0 0 71696198 0 162349642 0 2124354419 0 0 0 244009618 406919291 0 0 359013722 0 0 1880812389 0 1442310392 0 1304949486 0 0 977779966 0 359069180 0 0 0 0 0 
1044821418 0 523407558 0 2045090569 0 0 0 0 0 0 0 0 1074315271 0 0 807644012 202299594 1777414417 0 0 894384803 0 0 214172321 0 0 0 183638378 1392890145 0 0 0 0 0 0 0 250310642 1622711497 0 0 0 0 360685365 0 422986089 0 0 625285684 0 2078990197 0 0 1176777724 0 0 0 1763350687 0 817272809 1008757185 0 0 0 
0 0 0 72785339 436706809 0 0 0 1258082341 1077772389 0 375443362 0 1949665259 300448395 2126044162 0 0 2111095279 1348006734 0 286208148 0 0 0 0 712156260 0 0 610405218 0 0 0 0 1135520922 0 1701222619 1310427763 2126698698 811821312 0 0 0 0 0 0 0 1163174301 0 0 0 0 1969855277 998497757 0 0 0 0 0 0 0 1824107417 0 0 
0 0 2081187896 0 0 0 675853727 1637887853 1146010217 0 1231879188 0 0 0 1196973400 0 0 1560670787 0 0 0 484766059 0 1660659079 2072722804 522692153 0 0 0 0 0 0 0 0 0 2131767404 670420719 0 1622171609 0 0 706567149 0 0 1510998187 0 596526627 1851592705 312906928 0 0 0 0 0 237767256 0 277180322 0 0 0 0 1415412060 0 1169361943 
0 1359747391 0 0 261759251 0 364797840 0 0 0 847883952 0 0 1444410579 0 1280170945 0 0 0 192677393 24087781 0 0 0 2029443441 0 0 0 0 0 1486087623 0 0 0 0 0 1120583336 0 117298817 0 0 965182769 0 641120933 0 1408940255 0 0 0 0 2104689874 1702627648 0 765381035 0 1755577170 0 0 2072302851 0 0 1410906826 0 0 
0 0 317105762 0 0 0 0 2047721236 1399587349 0 0 0 0 315166751 1426225883 0 0 1383432109 0 0 1329496 394741465 1427965002 19016581 1028917915 0 0 1279480674 0 0 0 371880237 0 675799247 0 0 0 284909467 0 0 0 0 2024004579 0 1538702785 0 615929212 1484956888 538695275 1154258574 1157344720 540024771 0 437826075 559041353 0 1790610280 0 1709914980 0 0 0 631214254 0 
0 1879350681 0 0 0 0 0 344874855 147199822 1945956352 2125102353 1685902607 0 0 0 1639914793 0 0 32455916 0 0 591497269 1579757188 0 0 0 373523644 906431147 0 0 0 1660237401 0 902431070 1219881645 0 0 1141833418 0 2120778328 940306122 0 0 0 0 0 1533956785 0 568326408 0 0 0 10426323 1851342173 1153579031 0 0 1527102676 0 0 0 0 0 1120961858 
0 494512133 1874343289 1866321296 0 0 1839615976 0 1900990919 1351329615 0 0 1886419103 1857166804 0 0 0 0 1346651266 0 0 0 1004425256 0 1879849326 0 0 116722604 619071198 0 0 0 0 964544104 0 0 0 2070267612 0 1543167303 0 1138942145 0 0 848625302 1363806119 0 0 0 0 0 0 0 0 1920418374 604590844 0 0 0 0 1304684363 0 0 54902911 
0 963513955 441467011 0 0 1257199138 0 12927850 248657635 0 0 0 0 198804134 0 0 718282650 0 435689987 0 311497799 208624714 47615012 0 0 0 0 267319730 0 0 322222642 0 0 763689653 1774735842 569713808 2020888791 1588654248 582641659 122062779 0 1608618544 1219345716 0 1807422678 146382518 0 0 337179015 240201996 0 0 448826710 2016344510 0 0 0 696675010 0 0 0 0 0 0 
