0 201689615 0 1352433670 0 1026365858 0 882418883 1008698905 228629391 1007196743 0 0 1057749842 0 0 617870271 1176013970 0 0 0 922460299 0 1584439013 0 0 0 1501850250 1286228827 0 0 0 0 0 0 0 0 949729608 0 0 0 2098904673 604734043 0 0 1402723019 2059612437 1627041138 0 0 0 0 0 0 0 0 1195454283 0 562971479 334199462 0 197286814 0 0 
0 0 0 1889030481 0 0 0 1246741643 0 0 0 0 0 0 0 0 2143318785 0 0 1122836919 1150769661 0 183958148 198740296 0 0 532939758 1153904029 0 0 0 400450337 0 2012470712 141997170 0 0 0 0 0 670364918 969833186 0 1565897009 0 1277241595 0 0 342498504 0 0 1493268166 0 0 1692008462 0 0 77464573 0 0 0 0 0 509899602 
0 0 0 756134357 1179939175 0 0 1850304093 0 0 0 1027970979 1091286576 2013916249 0 1433785080 0 0 779569598 0 1433521608 0 0 0 401558986 0 1556660456 1135914555 0 0 0 0 0 1999640436 0 0 1296651386 0 0 1563495523 299082479 1423423371 443982854 0 0 0 0 1598244019 0 0 0 0 1780334499 1316825984 833959321 0 0 0 0 0 1660182744 668654902 0 932129040 
0 0 0 0 0 0 1233474952 357049377 0 1677457806 0 0 1758889971 0 0 0 0 1407547244 2094805031 0 0 0 0 1280252386 0 0 0 537115930 1091601692 461156912 1469244970 1612413382 34086312 0 0 92053211 0 0 449102588 911672761 2045841921 49037373 0 0 0 0 0 2058488003 1684045323 0 0 113451256 0 0 0 0 0 1090638265 0 0 0 0 0 0 
890039654 0 0 0 0 2127037289 1898725027 910452731 28591014 619946613 0 354233659 0 0 0 433006368 1807241300 0 0 0 2071261540 0 1433597603 0 883315884 0 772435442 0 0 0 1873508903 1222919930 777463316 0 62488548 1789557773 0 1961213575 552526856 1412104612 0 0 0 0 0 2031576286 0 0 0 162101579 733297846 0 0 0 78373106 0 0 0 1125722495 500908532 0 0 0 1762024838 
0 0 0 0 0 0 756358621 0 781886356 375213245 0 0 0 0 0 1685337101 994106599 0 0 0 0 966035669 1786980878 0 0 0 1793948764 653922091 0 0 0 0 0 0 0 0 0 1825804165 0 116107125 0 1564291132 0 0 0 0 1998176748 0 193741493 0 44321253 1318753469 0 1831302131 0 0 0 110775169 0 2066005685 0 148653626 1643713572 0 
0 565675468 0 1155436640 0 0 0 0 0 2134866406 0 0 0 0 0 0 0 0 588019041 0 1789011173 0 2130077742 0 1163104263 0 0 0 0 1652801343 0 0 0 0 0 0 648652382 0 0 1217792210 0 1222888292 2035744543 0 0 0 0 0 0 0 0 0 0 0 0 1100291853 0 1648022403 1596981217 1349027738 0 288898978 0 1224333261 
1932702664 0 1539322409 433871399 0 0 0 0 0 0 0 763713091 0 1263418788 0 1100930913 0 844325880 0 0 0 0 1185756726 1509237139 0 0 710781229 647146000 924153274 0 1871479261 0 1472300561 1263318022 1143243689 1164288913 0 647423651 808327068 0 39864507 0 0 1381437695 0 0 0 0 1307591696 0 0 0 0 15373131 840992654 0 650627427 0 970920172 1574780701 1149269491 0 0 474086405 
0 0 0 1078425841 0 0 1425863825 1967201191 0 0 0 0 0 1536040199 0 12905116 0 0 0 0 259140454 0 1379000118 909767881 0 0 0 0 0 473734278 1213299418 0 1753647311 704191088 0 1533500347 0 0 1353217890 0 1454439858 406889481 1305083412 159753278 1942929681 0 0 0 0 0 0 1074658461 0 307446123 0 0 0 174007629 0 0 647741907 0 0 0 
1949619354 0 0 0 671807521 0 1588113205 0 0 0 138517009 1195475674 0 0 0 0 1975978077 0 1060156472 0 0 0 0 0 0 1003995071 221705823 0 101939689 0 0 0 0 1612676541 0 0 0 0 447030124 0 895963456 585547133 0 65943460 0 2122534102 51441471 0 0 0 0 0 0 0 0 0 0 1755407452 0 0 1944967409 328955936 0 0 
0 800697367 0 252481883 950947854 509239150 0 0 0 0 0 0 0 0 569242138 0 928410537 825925845 1536189297 0 0 0 0 2139537130 0 0 0 0 0 0 0 0 0 0 0 0 0 0 1721203847 0 1286809148 0 0 2131575251 1303387564 0 0 0 679701446 0 873938453 586693574 0 0 578747057 1789977558 0 757801582 0 933646840 0 0 0 2098760878 
0 1588630098 0 0 2005723598 1546773615 1957230331 0 0 1241763793 1129140702 0 0 0 126083306 0 267429799 0 0 1527076274 0 0 0 0 0 1139878940 761128997 431448304 1031945173 0 382725534 0 0 0 0 0 0 1086962986 0 493450206 181243131 0 0 0 0 661302365 0 0 1661324125 1118990484 0 0 0 0 789743455 0 1061297582 0 1747152370 0 0 0 0 0 
0 0 0 0 0 0 0 0 0 826944092 0 156957420 0 0 0 1002086935 0 0 0 21725881 349963999 0 0 1411261581 9996844 937098668 0 1309412173 0 0 1798516830 0 0 0 908457311 0 0 0 221368533 0 0 0 0 0 0 1803865133 0 2144878808 0 0 0 434890840 0 1356550988 1846152422 0 0 0 0 0 0 1616407360 0 0 
0 0 0 1870037550 2136997424 0 0 0 0 1967416598 1237045812 0 0 0 0 0 1498895466 0 2143615765 0 0 0 653338982 71235221 0 471229512 0 0 0 0 887677482 744627700 2102067004 0 467181602 0 1379846009 0 0 191474093 0 1050299510 0 0 362354209 0 0 0 0 1161050745 0 0 0 364481987 0 0 0 0 0 775864724 307325686 0 0 0 
1091583531 0 206006175 323945892 136698 0 515419986 0 0 1406379750 0 0 846736698 0 0 0 1762179043 856822624 0 470547031 1221304612 1237186809 0 0 379260571 1257717591 0 0 1326223643 0 948495300 0 0 1154501475 0 0 0 0 0 95837084 368585507 0 0 0 0 0 70934077 1678266020 1382769272 1155457630 1329403 456590236 245160791 0 366122700 624421363 0 0 0 0 0 0 0 0 
1266520749 1231785307 907255242 0 0 786004252 388635533 0 100962931 0 0 0 0 0 1695315929 0 0 1696645333 2134208719 0 0 0 0 0 1404367660 0 1035541191 0 1001932236 0 0 0 0 0 413767787 951349802 0 802403320 0 1022070844 0 0 0 866155092 0 586953035 0 0 136114720 0 0 1763494829 0 235886862 284360010 2140230430 1125799825 0 0 0 0 1734888715 0 1602833373 
0 514985538 0 0 0 0 0 1888694741 917483753 0 607366186 0 1144277626 0 0 0 0 0 0 0 63573088 1180763538 0 1189372913 0 0 1169621327 0 0 0 0 0 0 1060704979 0 0 833847231 0 0 1751330985 0 1304307108 0 1500690157 160479573 0 0 1547150684 0 1530002383 0 428985815 0 1489997931 1618358728 0 0 0 0 0 0 621640896 0 0 
1682345875 0 0 0 0 0 2120040444 1805762355 211687019 0 0 0 0 1792567720 1919317276 95234173 1175086455 0 0 1738368729 636548827 0 507348448 0 0 474983893 2038527099 399443315 0 0 1949119772 0 763199474 0 0 65065651 0 0 0 0 164848216 882313223 0 2042153310 527397295 0 2137387483 0 716660455 0 1293368832 1353209283 509218892 1800717280 1659626057 0 0 0 0 1224842315 0 1345889808 0 1426806571 
0 709042160 0 0 0 1215216582 1998496580 0 0 0 1741313311 477443453 1071914774 1731217146 32443556 0 0 1325812388 0 607076214 0 506443273 0 1107263546 2057112782 1148656618 184622213 573236231 0 2040951545 2000042802 0 0 1344431377 277414940 0 412164311 0 0 0 1777716735 1577295153 839653922 0 0 0 0 0 50426218 1337540307 0 1029472239 1843983581 1470365122 0 0 0 173874351 179365298 818600871 0 31924452 523628570 0 
0 0 0 0 929471383 0 0 559704471 0 0 0 0 0 1605091775 0 1765424581 0 0 0 0 0 0 0 2005280226 810539662 0 0 0 0 1200026019 0 0 0 206924717 0 0 849580707 1329706471 1342761737 0 0 457130421 0 0 2062222197 0 1358063003 0 416336184 0 0 1950078318 494657838 0 0 1305197500 0 336788697 0 0 0 1583329981 0 0 
0 602437934 0 0 1932144405 1368735954 0 0 0 0 1549906536 0 0 0 303008260 44272371 0 0 0 1113136258 0 0 270850110 85344623 0 0 1970867329 0 0 1246845754 623778653 0 0 0 0 1633944445 0 1291814976 1443728911 1696871552 566791989 0 0 0 1606637690 0 0 0 0 85867588 0 0 0 0 1691778428 1584656511 1768064704 0 0 1510356911 614524215 0 0 0 
0 0 0 0 0 0 1511959170 483958502 0 0 0 1551819805 99985791 0 0 1050046845 0 672737339 0 596680690 0 0 33853553 0 1568453892 0 0 0 146217689 0 351818715 0 0 154603768 0 555748708 1401117732 0 1039707210 1346299847 0 0 0 0 0 0 0 1492152278 905341963 0 0 0 0 0 499668064 0 0 0 1093117746 0 1483225565 1444936461 0 0 
0 968996561 0 853174313 0 0 0 163191453 0 0 0 1629287735 1035231140 1261873124 0 0 697750736 0 0 0 0 0 0 1717599550 0 0 0 0 0 0 0 0 0 0 0 0 0 1992335382 0 0 0 1018106460 0 0 0 0 1475798847 0 0 13619141 1017166804 1172183463 0 114226573 742299365 0 0 0 1844266886 1939518065 745273695 1809299827 0 0 
156921941 0 0 0 516917932 0 1132416499 0 0 0 0 1674942485 0 27937126 0 1320357126 0 1374872314 0 1240147413 0 0 0 0 0 643005062 1585537394 0 0 0 0 0 989324919 0 0 0 215289243 0 0 0 0 0 1285194629 0 0 0 0 1292270705 0 0 0 0 0 1331156294 2005407023 915395027 0 0 0 0 0 0 0 602560762 
1574421143 0 2108803613 0 650309519 484475351 1399962530 0 0 0 1928134333 0 0 0 0 0 0 0 0 0 1671361277 973206232 245671417 0 0 0 1629537936 0 0 75296420 0 1294862583 0 0 0 1854915339 930775277 0 1551054331 0 0 1331705016 1301027747 760331718 0 0 1663710528 0 1596503242 0 487978879 0 0 0 0 0 0 0 0 0 28286918 93814832 1733407420 0 
540114758 523013093 0 1470890035 712581297 0 0 1439823012 0 1114978427 52671082 0 0 0 0 0 0 1543538723 0 0 0 0 0 0 0 0 0 0 0 0 0 1774303807 1395290470 1271140653 1097710194 0 0 0 0 1143152248 2026639301 0 0 0 0 2096569446 0 0 0 0 0 0 0 0 0 0 1404257810 0 0 0 0 0 0 0 
0 1215493564 0 0 2127154438 0 65822192 0 0 1106831795 0 1269387161 0 1885020110 0 401058467 0 0 0 0 1487802880 0 894813305 0 0 895457901 0 2141370693 0 0 0 682036546 0 1264977150 1752190138 0 0 0 0 0 0 0 1576696066 0 0 1920787456 0 0 0 0 257725857 337542327 161317331 0 0 0 0 170175975 0 0 1523499599 0 0 1944833138 
655762438 0 0 715464359 1084703855 458184593 1022773265 0 0 0 0 638932873 225289491 1634711646 0 0 1597469250 0 0 0 0 0 1580188611 0 664866611 1395477685 0 0 0 0 0 0 0 36585873 0 1208673874 494770466 0 923254559 0 0 0 1813493841 1710054564 0 0 0 0 1732869125 0 0 0 0 0 1968078357 0 0 1015888170 1398094578 0 0 0 0 0 
0 0 0 1767682970 0 0 0 0 0 0 1871255088 2116068801 0 0 0 0 706509711 249058267 369466076 0 0 190060786 608583484 0 0 2006678062 0 0 0 0 0 0 0 0 1988632873 0 0 0 1445706672 1831437231 1096679999 1169478112 0 0 0 0 0 237359119 0 0 1636214235 1979902149 0 97314071 234140428 0 2103992133 0 0 0 0 0 0 0 
1620313681 1114128659 1389511061 1146539776 0 0 830493359 0 1857212198 483032095 679778090 0 0 0 1625420724 0 0 0 0 0 0 710067251 1468384576 1167973868 0 0 0 0 248503088 0 0 1868816770 0 0 867872898 0 0 0 613933248 1221434259 33914704 1293711339 462012216 1546397602 423282037 0 0 519595068 1054100604 518349099 0 0 1228416350 0 0 0 0 1358575958 0 1809916562 0 0 0 868735692 
0 251638934 783434415 2013047674 1950005191 1397367664 1086998285 0 543595355 0 1382833849 0 1488959795 0 0 395576751 0 1111700031 513659090 1024537927 0 1799715297 0 1619242002 0 0 1281674916 0 0 0 0 212130498 0 0 0 0 321969580 0 556037676 0 0 0 0 2055179459 1216644003 0 0 0 135647523 0 0 193476052 0 1827811918 0 0 1861230109 0 899886367 0 1612350276 1188537515 0 381946514 
0 0 0 0 0 0 1300673946 1445272492 1448973498 985632626 1352968304 0 0 0 1530899434 145227642 0 1420719293 338703694 0 1101047563 3938101 0 0 950847425 0 0 0 0 2023478158 797660567 0 0 0 0 469407356 1409310484 1917202062 0 0 0 0 1228934188 764931159 628921723 612349974 0 954610596 0 1248862495 0 986633182 0 0 0 56164374 0 0 0 0 0 0 1006243145 1507105263 
0 0 0 0 1392489675 1743708819 0 0 0 75341569 0 1345311399 0 1675447028 0 0 0 1901901119 1559910345 2029626472 0 0 2085790846 0 1107126480 0 0 876393567 1679724620 0 236015182 0 0 65044153 836595524 791641226 0 0 0 0 0 0 0 0 0 0 0 0 0 0 1744218601 1113562252 1645593781 0 1353842652 605236614 0 271463445 0 1624952397 0 0 0 1741962582 
1782689517 0 0 0 550572008 1178118455 1821617843 0 0 0 0 0 0 0 1387763359 0 0 0 0 0 0 0 0 0 1198756969 0 0 0 1213660553 2120694219 0 0 0 0 0 0 0 0 1700268164 0 0 0 518927167 194126456 0 0 801498723 2140524601 743705191 0 0 0 1302243118 0 1728013899 0 0 0 0 0 0 0 0 0 
1963363878 0 0 0 0 1280893689 1214438070 0 0 1733365237 498124461 0 1492572116 0 0 0 1674572779 0 1352039316 829332249 0 0 1182848688 0 0 0 0 0 0 1676263395 288072114 0 0 0 0 0 1149591327 0 0 0 0 833745242 0 1554133107 2133368427 1482595188 0 0 400975238 0 0 1178380586 0 1525154849 1163342774 87905163 0 0 39219788 1532283295 0 0 0 2042507282 
0 0 0 0 309246873 0 1936319251 0 0 1902723736 1924940971 0 0 0 594871124 1638810514 0 0 669707453 1900434877 0 0 1988340041 0 0 0 0 0 207368083 0 0 0 0 0 1748938491 0 0 1537774095 0 0 0 723690838 320270622 0 0 0 2022176326 0 1852319031 544400131 2017409033 19683868 229966711 0 0 1485055645 0 0 1690963034 0 788065859 0 0 0 
0 1950522157 0 0 1340812604 0 0 0 0 0 869708951 0 0 0 0 0 0 1135601813 160137496 0 0 655306883 0 0 1010761436 0 0 1798827296 0 0 705588285 0 0 187774926 0 1580902371 0 0 0 1768306075 0 0 0 0 0 2035201128 0 0 0 0 46475382 0 0 902815852 0 0 0 394928380 0 1346865974 0 0 1063084083 0 
1345717498 0 505488128 0 0 0 0 165607706 1214720805 204776059 1147442549 601109601 92493539 0 0 0 1404673338 0 0 1194922541 78107744 997492859 1995933180 0 1392421239 300803819 0 76917230 0 1643209862 0 656980242 236860872 0 471409174 2003735629 0 0 0 1146961912 111436592 1169302237 0 203930131 1291549608 0 0 0 0 0 1743661840 130287660 1007784247 1592111372 1511031113 252721838 1892915191 0 0 0 0 0 1861158176 0 
0 0 1679995961 0 0 0 0 0 0 0 0 2015223847 394812079 0 416479498 446991995 0 0 0 0 1604769062 0 850167749 0 2031984014 0 0 1471383474 0 0 1147643806 0 305653122 0 266939973 0 0 0 0 0 0 0 0 0 0 1242422056 0 0 0 1121283951 774166995 0 0 1624334745 0 0 0 0 0 1167606789 0 1418155071 516688835 748199551 
0 783628808 1145596909 0 967904972 0 0 0 0 0 767117491 1193440012 0 0 1370161096 172035088 284922089 0 884400249 0 1621179189 799482366 0 0 0 416672218 1297960245 1564005804 1834827289 1814649080 0 0 450794240 0 0 0 0 967084870 2088804404 0 789101803 0 561347020 0 0 1931508116 0 156998475 0 0 0 0 0 1650192590 1532401557 535950577 0 682878154 0 0 0 0 1392379633 800837826 
0 0 72053390 0 35507702 0 1704430131 0 721812394 0 0 593888780 0 408758885 0 0 1171251368 0 1085234986 0 0 0 0 0 0 1074165880 1283733797 0 0 0 156428815 471389732 1744536262 228482205 660429208 0 0 0 0 963668746 0 0 0 237987167 0 160961133 0 0 0 1006409037 1006105647 0 0 0 1555549562 482109335 1054481026 0 0 98357699 0 2141612786 569747432 817482108 
0 0 0 464467696 1447552331 907212247 1428136442 0 1895048720 838210320 0 0 0 1942382745 0 0 0 0 1146108398 0 0 554174312 0 0 0 450196078 0 0 444325216 0 0 666936560 0 0 1131404256 0 346173002 412057050 0 0 0 0 0 0 1960654155 654938364 1369523008 0 0 0 744865061 0 922322070 0 0 0 0 0 339732315 0 179381450 0 0 0 
915095048 0 0 1261268050 167312682 0 0 0 2059747515 0 0 1872918023 1100359344 741574588 339913017 0 0 0 0 0 294655246 0 2052856862 0 357841288 0 0 0 0 0 1925343992 0 0 0 0 0 0 0 23126696 0 1403062728 0 0 0 0 0 386897991 0 0 1899402084 0 0 2056425085 1036409194 733071970 266782725 1281514723 0 804005464 855270897 1622660903 0 1344122119 60894865 
0 946757743 0 0 0 837051852 1011517548 1159978571 232230129 0 0 0 1616908485 0 1615458205 0 0 0 0 1563674859 1635419731 1464528517 0 0 0 486979401 0 0 1068845210 0 0 1178017456 0 0 0 1525033760 0 0 537528683 0 1790520827 2053445678 0 0 0 0 1213058732 0 0 1944515279 0 1452427225 0 0 74394384 1370803942 0 0 955224992 1971016552 372992614 0 0 0 
0 0 0 0 0 0 0 0 0 0 0 0 0 1251119377 791987870 522141157 0 0 0 0 1939397813 0 0 0 0 0 0 1973587820 0 1519168771 0 0 0 0 0 0 1247097379 0 0 0 1138970656 1180461154 537726168 1844104319 0 1329714039 0 0 706436264 0 0 0 2094809331 880023203 1192435937 1547920889 0 0 0 0 1081739471 0 0 0 
0 2077925025 232781781 1631761549 1729758974 0 0 721245982 408159796 1083769159 0 692256679 0 0 0 972435815 0 0 0 0 0 0 0 1324831878 0 0 1339457932 0 0 0 0 0 1138137397 0 319477574 720412723 636509029 865520565 1441658705 0 1949289725 1859525359 1736925504 67805627 348670193 0 1040241442 0 0 0 1660945969 0 0 0 0 957591807 0 1458801146 2117640512 0 0 0 0 0 
0 0 230079992 1044021238 0 0 0 0 1383780408 0 0 0 1144594700 0 0 1982553804 397126532 0 0 1276409105 0 0 0 0 207725852 0 0 0 1202859600 0 236406639 0 364160595 0 0 0 2138225329 0 560909011 0 0 1701733709 0 1123358787 1735316202 0 0 0 0 0 0 0 0 1347885456 0 0 0 0 0 0 0 0 0 47087123 
2121777282 0 0 0 877848915 95886076 0 0 0 0 0 0 0 790917085 0 0 378927520 484295969 515823056 863346309 1832181425 368028102 1555490949 1089257363 92486463 0 0 1922896639 334698316 0 0 0 0 1504960827 0 632114967 1600846903 1613584671 1488727970 1250983040 0 1321216112 488951732 0 0 1859363157 482200356 0 0 0 0 0 0 0 970130619 1458537978 0 0 1233950969 0 1843856474 0 0 0 
413928262 0 0 2014775165 0 0 1118274558 0 0 0 0 0 0 0 0 1515281278 0 112880630 0 0 0 0 0 0 0 1884445521 0 287014204 793412956 1736698578 1885136731 0 0 0 1074632736 0 1391888745 45423646 0 0 1652649936 0 0 0 0 1752924106 192069718 512134669 0 0 1851574891 0 0 0 468282056 0 0 0 0 0 0 0 0 1657437760 
0 1019450932 0 0 0 0 0 0 0 0 0 2014240532 1781689491 1586382673 0 0 0 0 0 0 0 0 0 529116259 0 0 0 95093065 0 0 1752530825 0 230862363 0 0 0 0 0 0 0 541865412 0 0 0 551506140 227685907 0 1578629417 0 0 117811156 0 0 0 0 0 0 0 0 2130120292 1902841868 1828232555 0 0 
0 0 1281957524 1076688102 1376225918 0 0 1918091330 2112858800 0 0 516881293 0 0 0 0 950018289 0 0 0 0 0 524825859 0 0 0 1484357842 0 0 0 1609507330 0 2026791777 0 0 1255534047 0 0 0 0 0 0 79005689 0 0 0 2032984729 0 92870970 2079612913 0 0 1256111003 319675486 567606769 976555882 920203076 0 452358981 1201479574 1068146849 2061866311 0 947454978 
0 1538560130 0 0 0 1081647108 0 0 0 0 121959107 355081919 0 7460188 1753198000 0 0 0 0 1195700457 0 1797122908 0 640442542 1701603872 0 1841922116 0 0 0 0 0 0 1625227430 1304991320 1073877134 0 0 608726050 466375018 0 0 0 0 738145345 0 957894898 677734799 0 39927389 1873435256 0 1837050297 1898207947 188417275 0 0 0 0 619370309 1482711836 0 0 326160763 
0 0 0 0 1948985017 2008763948 0 0 0 613158980 1761721375 0 0 572132625 0 868065537 0 0 0 0 0 0 0 1712377482 0 1558751133 184264143 0 846943486 0 148702242 1760363269 0 0 0 0 0 0 0 0 0 0 1184613054 0 0 0 0 1952690330 0 0 0 0 0 0 1680703915 0 0 0 0 2057841503 0 0 0 2103782268 
0 0 290585188 1394311590 0 1444845152 0 0 0 285943246 0 0 0 316765548 0 0 0 1318529541 1930533259 0 0 1463753526 573054233 34090793 1181237937 0 2091932296 604751359 1590421306 0 0 0 0 0 821540397 0 0 2070354238 0 0 0 1457623853 0 1539732091 1774389402 685557928 0 0 0 0 0 0 453774759 0 0 0 1005395580 805819687 0 448333238 0 0 0 0 
0 0 0 0 0 0 0 828786870 1468032050 0 0 0 0 0 0 1884841579 0 2131067554 0 0 0 0 506815623 986988419 0 0 1435321657 0 1252426419 0 0 0 0 0 0 0 0 0 0 0 0 0 899435240 0 0 0 0 1523816466 0 0 395619393 1423241193 0 0 0 0 0 1698067621 1083873293 0 0 0 1216382145 0 
0 1332769052 0 601850289 0 0 0 0 1894522179 1305782966 0 705343182 0 2063076471 0 2058012120 0 477295393 1333769665 0 1379730409 0 0 733777808 1147099603 0 0 0 0 0 583053808 1345094746 0 0 0 0 2240331 205809113 968333884 0 1511592079 85413480 454622044 2127955845 0 0 0 0 0 0 1052688082 0 0 0 979618008 0 0 0 1681985552 66707125 0 117555712 0 0 
1903055228 0 0 1905295560 1417072373 1909231460 0 0 0 0 761653002 0 0 652653672 0 0 0 0 0 0 1584770422 0 0 0 0 1759146501 490991183 0 1876702213 1902793055 0 0 966572667 312886526 0 0 0 0 0 0 0 0 0 1356900163 284165224 0 0 0 931003918 330981672 0 0 0 495009210 0 0 0 0 0 1983374276 1038875340 0 0 0 
0 0 0 0 1607942959 0 559848144 319348610 0 0 1676248773 0 0 0 1041250310 0 0 0 0 0 0 0 1036369887 0 0 0 0 1347036065 0 0 1205000424 581378760 0 1299126175 0 1388577039 263110476 0 0 0 0 1236690775 2033234703 0 0 927001365 0 0 0 0 1421088835 45240422 0 0 0 912772074 0 0 0 0 925074694 0 676743355 0 
0 1896174629 0 0 0 1654727814 0 1489577541 743934941 0 0 0 0 1731906629 0 0 1164439538 1423777531 0 1769050887 1733752605 0 0 0 0 0 0 0 0 0 0 285472514 0 0 1017550433 0 1438383243 0 0 0 84669985 0 117762547 488106653 0 0 0 0 1544228774 0 1956359713 0 0 0 0 0 0 0 0 0 0 0 1091856769 1173461080 
1568489621 0 0 0 0 0 894223753 0 0 0 0 0 0 0 441580341 529182670 0 0 0 111379520 0 306367453 0 1583550969 0 581229585 0 1848564895 218580129 1334308345 0 0 0 0 498975318 1866390135 1258434332 1393199071 0 0 257701724 0 0 1390139268 0 1038204769 0 0 0 0 1549240116 0 0 0 0 449978212 763718361 1560851860 0 0 747676557 0 0 2043908457 
0 0 1762814944 1749514529 0 0 2091867441 0 1505735585 0 2014416326 1000532355 0 0 290909303 720390518 0 0 0 0 0 0 1110670371 638872908 0 1261729831 0 0 0 0 1831109694 0 0 0 232959049 1583007587 1435506993 0 0 0 0 2074217323 1794291285 150080406 0 0 0 635794304 0 1325710756 1296486463 0 0 0 0 0 0 0 1926076788 1661250987 0 1609702834 144695507 930102515 
0 0 0 0 554997400 425427451 0 0 0 0 1423428870 2065149417 574967030 0 553460074 0 1472126902 0 1858370652 0 0 0 0 1483539092 0 0 0 1334549002 0 1142001939 0 0 0 482794323 0 2074653896 0 0 0 0 94267297 476463934 0 669234328 622880080 0 0 0 0 0 0 1396107708 0 491936192 0 0 0 0 0 0 0 0 464521301 96160722 
0 1078579705 23330970 0 535596913 0 1869795563 629864211 1700313616 0 0 0 484385681 26198962 123233382 0 611670038 0 0 0 0 0 966601627 1377635098 0 0 0 57634688 1433710536 0 0 0 0 177126381 0 1355995790 0 1466626003 0 953806032 219502940 0 0 703888622 1163673854 1252749463 0 1775343892 0 0 0 0 1393404541 1646900158 0 727051355 0 0 0 1000957369 0 0 0 0 
0 1732689233 0 369100252 1051831588 555775906 0 0 0 0 1975223151 709441004 1557688181 302501791 0 1010221191 1944245454 0 0 1190166348 0 823845432 1917217703 84263124 1770514796 554420099 0 311519682 0 1073595639 0 0 0 0 0 0 0 0 834483694 0 0 662223197 0 0 0 1538608308 0 0 0 2032870661 0 925740730 709232446 0 1010003854 332263594 0 0 0 1621225205 0 0 0 0 
