0 1785247345 0 195256887 712784492 302668282 0 0 1903738968 0 0 1427457341 0 1384855100 742913285 0 707256008 1802506480 0 1776704255 0 1818258443 2090647401 0 0 0 0 627223748 802655871 0 1470679867 0 1586502890 899066493 0 151803734 0 0 0 957990096 430044751 770750621 0 474192315 0 0 426092023 0 0 0 344598689 110546047 0 287762442 0 2140275454 0 0 0 0 0 2090695422 0 658216856 
0 0 810020591 0 2066532444 0 0 0 0 0 0 0 2073360353 1249377885 0 561776611 0 1283566512 672322658 0 0 1530845886 560018422 0 801304307 0 889372218 0 0 0 531235129 1965524018 0 0 1862053412 0 0 0 0 1001440436 1661572534 0 0 0 0 0 1742203 1951267935 0 0 0 0 0 0 0 0 0 0 0 0 0 1262984809 0 0 
456756882 0 0 0 0 0 0 0 1510729133 0 0 0 0 144321477 45382855 490828187 0 0 0 875813439 0 0 1734544846 1311002739 915056927 0 0 554527807 1581795688 0 0 0 1774645814 0 1133798571 0 0 1230485009 1518300643 905126052 0 1660879917 0 0 1805201395 0 86293484 476104086 0 0 0 0 0 938978724 2119443409 688840658 0 222304258 1243368465 692101643 1377514532 0 0 1004676698 
0 1716969136 1820363659 0 0 1191180655 2082047392 0 0 1081288364 0 0 0 0 0 0 40011452 0 0 1961278830 981811360 0 502635840 0 589634464 0 784218958 0 0 0 0 0 0 0 0 0 1688402713 319960658 794050335 0 0 1594204107 607790661 1527161213 333167715 1446189419 0 373179167 0 0 0 0 1876791639 0 0 318942456 288130847 0 0 0 419591917 0 1217524869 0 
1460171909 1602921783 0 1001090974 0 1739879126 0 1176647816 0 0 0 0 1153083395 1670416369 0 494621802 0 0 0 0 0 0 0 0 0 0 771743853 705232963 0 0 0 0 0 0 0 1220105651 0 1595084808 249269819 0 0 0 0 307578532 328527921 756786569 802200335 0 689223737 0 2122624223 0 706126910 0 73965654 0 0 0 1697000920 0 0 1611217164 0 2132201439 
323778551 0 0 0 0 0 0 0 0 0 915335740 440732735 2035885833 0 1801654811 0 1190224332 1776795386 1888897019 0 685096916 0 740635551 812650852 0 0 974923399 1348583114 0 0 0 77664891 0 390640700 0 1796042150 1844733962 1121659470 256315710 0 0 0 250187862 0 0 0 719303195 0 1681154412 460716566 1680795805 0 276095591 0 1031418533 0 564100531 2006341932 138283590 0 0 0 395651761 0 
0 0 334799681 0 223711539 591115391 0 0 0 1619118500 0 0 0 1337967092 0 1057148291 0 1822227439 1275915971 2074779249 0 0 0 0 0 0 0 362170241 326864163 0 1048411420 0 0 1383211102 0 0 1974326493 822528212 0 0 294163064 0 0 0 0 2088028394 727305234 0 1762772185 0 416823850 0 0 0 0 34297554 0 0 396467795 463447405 2133981631 0 0 314980714 
680606670 0 0 0 0 1896355881 0 0 1396717026 1896172314 745498910 0 0 0 0 1452005598 0 0 0 0 127733642 0 0 264316884 2000308671 0 0 0 0 0 0 0 1191468096 0 0 0 0 0 0 0 0 0 0 1647844853 0 684235798 0 0 0 1968352438 1496512892 0 0 727456914 2070200039 0 0 0 0 0 0 760078242 1032573821 0 
1781556947 1145437392 0 0 0 0 424008555 0 0 0 0 0 1215390287 1471732318 127695634 746056152 0 0 404455660 58743953 204181793 0 825195468 0 977652732 1430969990 0 0 43564584 0 1640749704 0 2016737855 245711940 0 0 1898663142 0 2096135036 902651276 0 0 0 0 1939749222 1005659767 0 1084866682 482384645 0 1143610635 0 1582815668 0 0 0 0 0 1126451922 0 0 0 0 0 
0 1055557035 0 0 0 703196742 1519260689 0 1171213646 0 0 963479220 0 1407688989 2048345902 0 0 1044472890 0 0 0 0 0 0 459345298 0 0 267505720 0 92472439 2092403997 0 1148029474 699465703 1444891313 0 1402662446 0 0 0 0 0 1389871664 174326821 0 1290733918 0 1346098097 0 41497136 0 0 0 1661444804 0 0 0 0 0 0 0 88270196 1795712689 0 
0 1093120354 0 42914698 0 0 0 828714588 234394898 0 0 0 0 0 0 0 0 0 0 225666134 1074498719 0 0 0 0 0 899024668 0 0 0 0 0 0 533392961 0 1402679125 0 0 0 1579622606 1344783204 1086951475 0 0 0 760041484 0 516305301 173095398 0 0 0 0 843481698 1179187996 1722303985 0 2078212665 0 1421472113 477982727 0 0 0 
194813170 0 0 0 0 0 0 241539529 0 1468962834 0 0 81520670 0 0 254616068 0 1362344894 1502210186 1628627411 58342944 0 0 0 0 0 0 0 0 0 0 0 0 0 0 1270919790 0 0 0 1993960537 0 0 0 0 0 0 0 0 0 0 140786329 1991606344 0 0 990807448 0 1474001055 1411480665 0 0 79524906 0 0 306204723 
0 0 0 0 0 942100184 0 652700221 748344018 0 0 238253235 0 0 897895800 0 0 0 0 1822348809 0 0 0 0 2059525799 1340767386 827138207 2139050705 1411047412 0 0 0 0 0 1280290278 0 669512830 786161964 46289525 0 0 452727027 0 269913935 867517878 406522235 83028925 0 0 1887750258 0 1680636924 0 356756913 1242586891 0 0 0 0 0 2000568255 589692733 434499897 0 
317105378 1714790175 0 986618208 0 2001036426 0 0 306279805 0 0 0 0 0 1819186301 0 689256660 0 0 1077568404 0 245600963 0 0 0 0 0 20927021 112052336 1294341957 434600971 0 0 241864224 0 0 95417003 1672767332 1811164165 401696808 1438385175 529641641 0 1610525254 1478631691 1247197146 0 20404703 0 0 0 0 329001086 0 0 496843500 0 198979332 0 2110307346 1493321289 952371493 0 0 
0 0 0 1289652720 1333041020 0 0 0 0 0 86984154 0 0 0 0 1458227449 1250770328 0 898610724 0 0 0 0 0 0 446901789 0 0 0 0 0 446025351 112229384 0 0 1445270405 351454168 1279543953 2069212953 0 251420678 0 766969084 0 0 0 0 0 0 0 0 0 0 0 1995944365 0 87691167 0 1136889369 0 360390696 0 0 0 
0 0 0 743565183 0 0 0 904665208 1848333250 0 0 0 917393491 0 0 0 0 0 0 606360609 0 22095249 1960685009 596442267 0 0 2083406716 290920945 0 0 0 0 0 0 0 0 0 1628684709 0 0 0 0 803866874 0 0 0 3865353 0 0 0 1332237901 0 199595134 0 0 130125383 0 0 421046328 2025077541 0 0 0 0 
1718535217 0 286698338 0 0 939737872 1871552830 0 0 0 0 1857567271 0 0 0 0 0 1768198815 0 0 766154430 0 0 0 0 0 591794669 719021301 0 0 0 0 2055523326 0 476272261 653716941 336297875 0 0 0 0 0 866835015 0 0 1302795930 0 1517836590 0 0 0 0 0 392614078 256382655 1130732135 316111842 0 0 0 0 0 2103333647 0 
0 0 0 692472980 632463704 0 0 0 1319430080 0 0 0 1871371670 0 0 0 230721804 0 0 2085626852 22698120 0 0 338809962 0 771145129 0 785881779 0 1718856921 0 0 0 0 631924668 0 0 0 0 0 0 0 0 0 356220886 0 0 0 1562686396 0 0 0 0 0 0 0 0 0 0 1948382946 1111091027 2027274299 0 1114586561 
0 0 0 0 705941048 1599762592 0 1608182182 0 0 0 0 0 0 0 0 0 0 0 0 0 1610908405 0 0 0 1187429531 0 0 1067220183 0 1081336451 0 0 684398602 1661319613 0 0 1664613912 0 1867814880 0 882996672 0 1399232179 0 0 0 771850587 1238926223 1334759163 0 1737306966 0 0 0 0 1742668488 0 0 662405023 1079983277 701929125 0 1709512675 
0 1362411503 897499474 0 879541767 0 0 0 0 0 696912167 525050472 0 197473756 0 182007952 0 0 0 0 914077834 0 0 509262674 0 0 0 1980370857 159297776 0 0 0 0 292415711 0 967229209 0 0 0 0 0 0 0 0 0 0 45631978 544044393 301088761 1964946896 0 0 2042604942 563753563 0 0 0 0 0 180419990 0 23312320 0 0 
0 0 528805907 154328550 0 0 422110549 0 0 0 0 0 0 0 1311392337 0 0 2038369923 0 1059091804 0 0 0 475762053 0 0 656182044 0 358825434 0 2034473158 674553465 0 415795417 0 1251161824 1209510522 1250992564 540929433 0 0 1841804717 1584911288 1475644843 1040828330 0 786442862 0 639706252 0 1116406996 1094346091 1415317713 0 0 0 1159037140 78806541 0 1517862574 0 331759941 0 0 
747555358 0 0 0 0 692610903 0 0 0 0 0 1427760303 0 0 0 1453099447 0 0 0 0 1277522869 0 1109978480 289076362 0 0 1806938936 0 0 1851871328 0 486580563 0 1414628123 0 0 0 923308373 0 0 0 475237127 0 1801274785 0 0 0 0 0 1506852475 1451540455 0 0 414035287 985153927 0 1968784199 0 0 0 0 0 0 927198982 
1975866278 0 0 0 0 186541414 0 0 0 1909273013 0 1547394987 873828866 0 0 0 0 0 988461128 0 1726406676 0 0 1547707227 0 2085388135 0 0 0 0 1746936502 0 0 0 0 616902255 0 0 0 0 0 484244255 0 0 1351701408 0 0 0 0 19467915 0 2082533891 1993082970 0 0 0 0 0 1136077465 2063968698 0 0 0 948770873 
0 0 0 938942578 0 141867167 721956132 0 0 2052364673 1508547122 0 1096120500 539553909 0 0 0 248681505 0 0 0 0 0 0 0 1857038558 1209430530 616641045 0 1453440853 0 0 0 0 0 275793052 1125468567 0 898233302 0 1681088883 0 0 0 0 843282094 0 1357872511 0 1321787763 0 0 0 0 0 1062754484 45526013 1174975387 0 490611243 480932592 1097323799 605920391 0 
2080925199 0 422356453 0 0 1320589756 0 822501561 0 97431983 0 0 0 0 0 0 0 1204136092 705277054 0 1540107195 670821911 1520651596 1585633209 0 0 0 0 2403628 0 0 2083328827 47369664 0 0 1336265990 2068755853 0 0 1501158738 1755193740 0 1732412310 0 0 0 0 1263765866 230707189 0 1721662978 0 0 0 0 0 2147394403 1137724750 0 2314384 1672405945 2013086702 0 0 
0 932914861 908557951 535041357 0 919841854 2036200096 50903062 235869406 0 0 938614057 0 0 54896276 0 24357039 0 0 0 0 1710701725 0 0 0 0 0 0 0 0 0 1213786988 1597206097 0 0 0 1626556892 0 0 0 0 543145714 653556708 0 0 0 489813154 0 0 0 1287038742 0 554769011 334176466 0 1255711839 1068591248 0 0 1668609084 1028191672 0 734912425 0 
0 336257123 0 0 1973801917 0 0 937508173 0 0 0 0 0 0 0 0 0 1026404517 0 437563735 0 0 1693275574 281688583 1795623942 0 0 0 159619292 0 0 2146068381 873983567 0 1464107066 0 0 497088401 1637810009 0 0 0 0 0 1077968082 0 1311137090 0 0 0 1398326541 815302601 0 944118467 1096991184 0 0 0 0 2131106649 1437531648 1720566390 0 164031568 
0 0 0 0 0 0 0 0 0 0 0 0 605184188 0 0 59905807 0 0 875208408 0 0 0 811261475 304112720 0 1377581777 0 0 950664519 0 0 2048822889 0 0 0 0 1397593888 2032169726 0 0 2061553165 0 0 0 1771704195 0 0 0 0 1454367921 0 1417126352 1279083866 0 1721239072 0 0 0 0 0 0 49291234 0 0 
1092225356 0 1212387023 0 547222194 556627185 0 0 459030818 1102225392 0 0 0 1559704931 0 1292785880 0 1611815796 0 2145673071 1500512408 0 2001794438 0 0 1872484955 0 0 0 659564911 0 866517898 1322101027 1041705993 0 1869323221 1598333178 0 183131285 0 149941486 1163676703 2140615363 505710026 575897986 0 1798495907 0 0 213440843 0 1344873283 0 0 0 347300008 0 0 0 0 0 305728737 0 339645484 
0 0 0 0 0 0 708164610 0 1408293047 0 0 0 0 0 1279194576 0 0 572387542 0 0 0 0 986914570 739880011 0 1463324336 0 0 1769053073 0 0 0 1769645769 2011394189 0 1539530863 0 327969379 1459357443 0 1029265704 1884894050 0 2110590755 1961442916 0 888793034 103948978 0 0 0 777517087 951640943 0 0 0 0 0 859656483 0 1951551485 0 0 1573713606 
0 0 965760821 0 0 0 3855677 0 0 0 0 0 1842621241 1318348725 0 0 0 676516805 0 1134374616 0 900193919 0 1305830066 1804268635 1243423936 1973718290 1608336472 1905505903 1463127022 0 0 0 0 918534157 0 130478219 922389835 0 0 0 0 2122011174 0 76392756 0 0 259126429 583997597 0 0 843508864 863180897 0 1855282 0 0 0 2128302356 0 0 0 0 0 
0 0 0 0 0 0 1144230199 740975333 0 0 0 1183489646 1026238516 0 0 1610236113 0 688633473 306261330 0 0 308116612 0 0 0 0 1822858155 1427423483 1343446221 0 1143497305 0 276916630 0 0 0 0 59644826 1626578115 0 0 47496576 0 0 1196088841 508899056 1667393533 0 0 0 0 0 0 0 0 0 662764386 0 0 2006210607 826089139 0 0 1103005770 
1563026034 0 0 0 0 0 0 0 0 0 0 0 0 1800931230 0 1289197678 0 0 0 1761390273 1046153453 0 2031884637 0 1453228028 0 1567644799 0 128766694 0 0 0 0 0 0 1374357349 396183565 0 0 0 0 1584275324 0 0 0 0 0 717341704 1763143676 20808473 0 0 1238567676 215649319 223247673 544312056 0 1790892472 676145576 0 0 0 0 1462867871 
839465412 0 689741572 1235648978 0 2140479199 0 30838222 0 0 0 0 231462670 0 1384851839 0 0 1716100169 0 874787518 0 0 1419099574 1582233996 0 0 0 0 0 0 0 0 39120976 0 0 0 0 638441955 0 937473151 0 0 0 0 0 0 0 1622415649 0 405732648 0 0 0 0 0 0 1716580596 0 0 1427843318 0 1700538908 0 0 
0 1617464916 0 0 108423223 0 1365421059 0 0 822920698 0 0 0 0 0 2076240175 278837208 0 123990366 0 0 0 782779244 703960506 0 1658369353 2131803824 0 0 1962891628 1990111009 131686598 0 0 0 1541296119 977837991 0 1467930442 0 600492615 1444238534 0 0 1317343094 1385720314 47037670 0 0 0 865450365 1886628337 2072486238 0 443105195 670446530 0 0 0 0 242833352 0 354742878 1675706249 
0 914377384 0 1116361393 0 0 0 0 0 0 1410723060 0 0 1457760731 0 0 0 0 0 0 0 43559573 0 1978071790 470984945 0 0 713818297 1809224988 0 0 0 1322764684 0 0 0 1701525133 566022658 1159672255 1388245534 0 0 0 0 0 697585529 0 0 0 0 768285227 0 1199683098 845039467 0 0 1866715401 0 0 0 979888737 479043591 0 0 
0 0 0 0 663886631 1182072367 0 1101217533 0 0 0 1338172785 1527817491 0 552666655 0 0 0 0 0 0 0 0 0 1025273563 0 0 2005162300 0 447434033 0 0 545298006 35248538 0 0 0 0 0 0 0 0 0 140085493 867290710 0 0 0 0 0 0 0 0 0 1495376123 803692533 0 0 661371186 0 0 674219612 660170924 1606820711 
0 4284031 0 0 0 831440223 454126700 693555369 1642452089 319637129 0 0 0 0 0 329459532 0 0 0 1472922058 0 0 0 0 0 790502130 0 0 0 0 422453468 0 0 0 0 1596741202 1922415391 0 142812923 0 0 0 0 0 1198826381 2074111566 0 0 0 0 71284231 893785043 0 0 0 775760510 990917305 230047584 0 0 1888701036 0 0 1404154871 
1104821903 140873299 853412425 879753647 0 0 0 0 1972679134 0 0 1024021867 1855924735 0 0 0 1237120551 0 0 2111287361 2041567095 0 0 0 0 330957490 0 0 0 0 0 0 0 0 0 0 1329272907 0 0 1154468393 0 1054099429 0 0 704558198 0 0 0 0 0 1905482462 0 0 0 126143123 0 0 0 0 1173324752 0 1404331431 475467232 0 
1737378989 657363360 0 0 988913319 1046866220 0 0 2100965649 0 0 658040199 1758033905 0 452235300 1105092829 0 210234114 0 0 707797151 0 467271605 0 0 244484255 562158782 0 0 0 0 0 0 0 10395628 0 0 0 0 0 0 0 0 1651742132 0 0 0 0 882302415 0 0 1590099566 0 0 978933596 0 457858295 0 0 2106673981 0 0 0 2126224119 
542898992 0 515159517 0 0 0 0 1038553837 421663870 0 0 0 604903897 0 0 1487206312 0 288372099 0 0 0 1908755826 0 0 0 0 0 0 1563063398 2116696129 0 2105962390 0 0 109688536 0 0 0 0 0 0 1756237592 0 0 760917580 612026982 1847636938 721184080 0 629975520 0 0 0 274838242 0 0 2003930876 0 1279727908 0 1102273257 0 1377989369 0 
0 1487677905 0 1010986677 0 0 0 0 1129349728 0 0 0 0 0 0 0 1756455200 0 0 0 700737751 422664864 0 557184979 0 0 0 0 0 1207201327 0 0 0 0 1458762502 1857764620 323096978 830316405 0 0 271627627 0 0 0 0 0 0 0 0 1487101972 0 638351719 0 0 0 0 0 1024748656 0 0 0 323854761 0 0 
0 445344421 342142892 0 1275660827 0 901899641 0 0 0 0 0 0 1003473751 0 0 0 1788515293 0 105375264 0 1232863204 0 0 110128212 1104424524 0 0 1428279285 0 0 554635241 0 0 0 0 139435340 0 0 0 0 0 0 316994994 0 0 0 0 0 1900779934 964092851 0 986159490 0 1130754920 0 0 810744070 0 0 0 0 1179848698 0 
0 0 1124290597 0 0 0 0 798075218 0 0 0 939448993 0 831039994 1798166581 0 584336280 614775784 187370999 0 0 0 519299826 0 0 1810182077 0 1606185129 1780037147 0 0 771007929 893218635 1319706357 0 0 0 0 0 507717912 0 601321461 0 0 1432361455 0 0 2016697736 1712625623 731887489 0 419911056 0 0 0 0 1621708114 0 0 0 0 0 0 0 
857739701 0 0 941634131 0 0 0 284215183 0 0 630932537 0 1846885139 0 0 1412027114 0 0 0 0 0 0 0 0 0 1036399961 0 0 0 0 0 1432173005 0 57684203 226323489 1441374440 0 1675675532 1725589624 509923057 0 0 321581022 0 0 0 0 0 0 0 806723038 0 0 353021768 0 0 1389421729 1974585731 0 0 0 19701093 1248544391 535578229 
0 1474867880 0 0 0 1555058646 0 0 0 0 0 0 894485350 498087770 2145441462 2017520337 0 804680852 0 0 0 0 1039188933 399640701 0 0 216012086 1284271770 0 0 0 1537499659 791940709 0 1598027855 0 0 0 927803776 0 0 37235755 1674608584 0 535323525 0 1677549774 0 0 0 0 0 0 0 0 1465723195 0 2103119009 602511317 0 1420191839 0 0 0 
1924196691 0 0 0 1265720142 0 0 0 0 1034239531 0 1212528783 0 0 0 889085883 0 1783498289 229068457 0 0 2116175380 0 83701570 0 0 0 0 271683862 2134562859 1409167833 0 0 0 882003969 0 1761303062 241634916 381304616 291024671 0 0 0 0 1441441724 0 0 2118047269 163651193 0 46618950 0 774559152 0 0 0 0 1874870267 0 0 0 0 1905284435 946269723 
0 0 1296310109 0 0 0 0 0 0 0 1845027201 0 67489718 274342516 0 0 1080209937 0 0 0 0 1068931458 406171687 0 796318077 302093218 0 0 1607182581 0 0 1886121856 0 0 0 0 0 1962663906 938267070 0 1502517073 0 0 0 0 1797646322 0 0 0 0 0 1213783812 257039088 0 1153771313 1053357166 0 0 1564141074 0 0 0 0 0 
1479591149 0 0 0 1050827721 2124055456 0 405861146 0 0 0 0 0 0 0 351449822 817639623 0 0 1074678712 0 0 0 1130346205 0 1544693304 0 0 0 0 0 0 0 880695383 1218630534 0 0 0 0 1469649623 0 0 0 0 160527151 0 0 0 0 0 0 0 0 2033397717 832991759 1770599147 1430607373 1681466674 0 0 0 903061353 1304556300 0 
1783756736 0 0 0 0 526958394 0 0 0 0 0 1365964352 723040703 1678291388 0 1701253475 0 0 0 0 2135407035 89407139 0 0 0 582386601 972575198 1610098672 0 129647850 0 1121721042 505351037 519593057 1615261322 0 1046551451 0 0 0 0 0 0 666932434 0 1667116835 0 0 0 0 0 0 0 1806003282 0 0 0 2000671850 800013619 0 0 1642742799 0 0 
0 168369258 1794731049 1061403660 1599336835 22761188 1165908664 1543228567 0 0 0 0 8527559 283379615 0 0 0 1517865928 1387219604 1474505686 0 267832608 0 0 121020810 0 0 103856863 0 1696753924 592043952 974545613 0 0 2035949274 0 0 1054374290 0 0 0 0 0 0 0 0 1181966287 0 0 0 0 0 689534852 0 0 0 127668791 383732511 914412525 1087362196 0 0 0 0 
1745747831 1950373435 967618691 0 0 1680339980 0 0 308254975 129707405 0 0 0 0 0 0 0 0 907323715 1950565050 995840838 294893886 613637064 0 0 0 0 611629184 0 0 262271506 485286603 1928185775 0 0 637966205 762746530 2137895093 891015298 1071001505 120118850 0 290551089 0 1387704920 0 0 501251470 514498840 0 0 0 0 917969936 0 0 0 0 955371664 0 527566178 0 1670844902 308268305 
0 0 0 0 0 0 0 0 0 0 1947798962 0 606241384 0 0 1120740225 0 0 483596256 1593519368 0 0 0 1500454555 0 0 0 2047281934 0 0 208066592 115359105 2078338690 1154301102 0 1937714719 0 1164469461 1917209598 0 1441334657 0 560574787 0 2128222355 540190655 1020832619 1909141994 824139395 0 0 2026058071 0 1144955914 0 0 1890105778 0 1746421186 0 1979448643 1954487778 1820774270 0 
0 0 1700534757 0 0 0 0 1309766448 0 0 0 0 1840864679 83207813 0 0 0 0 0 0 0 1775123828 0 0 0 0 0 0 0 0 1139983397 0 0 0 0 829071042 0 231434423 2138837490 0 0 0 2077154216 1225489478 0 0 1743009904 0 702762684 0 0 0 1766744933 0 568599179 1164459649 0 0 0 0 0 1534122758 0 0 
79673617 0 0 0 0 0 1151598719 1130919279 0 0 0 0 0 0 0 348917917 1943556118 154148741 0 0 0 608145138 0 0 0 0 1325030563 0 0 0 0 440245494 568448195 1261630894 0 167259027 0 0 1298178306 1809911122 0 1507103415 0 267270268 1311554780 410367624 0 1107627251 0 0 0 676498263 1263879283 0 0 0 0 1136480857 0 0 0 0 0 758517191 
0 0 0 789180263 805597326 0 451607738 0 1583574293 1199460342 0 747645425 1609827966 0 1855272676 0 818421311 230750035 0 0 1333504448 0 663859552 0 0 0 0 0 1637887114 135020641 0 0 1400772219 0 1207341151 58885898 0 0 0 0 710925584 1032097242 1638375805 173269902 0 1346164833 0 2013205720 0 0 1948022667 0 0 0 2025643648 0 0 0 0 0 0 1068373309 0 818952599 
299058518 0 0 1753698252 0 215953109 496944984 1626971841 0 0 0 0 1334001974 0 0 0 0 0 1526368864 0 426010775 1404528864 949298565 0 0 1565279236 0 0 0 0 0 785227415 0 0 0 864148751 0 0 0 0 0 2143878689 0 0 0 1575604191 826175667 0 1537216395 205060883 0 0 0 0 0 0 0 0 0 0 1715200194 1180485270 0 0 
0 515304118 379967792 0 0 723604737 1825971138 132431619 0 1093018496 0 0 521139039 0 0 0 0 1807800718 1874098956 688516741 0 0 838311444 0 0 0 1581055030 0 0 1704917128 364775770 962638456 0 744743562 0 0 0 0 0 0 0 0 0 0 677900539 0 0 0 1445410439 0 0 0 0 0 0 0 230147201 0 0 0 1773822915 0 1319762410 1846560513 
0 841708463 1175505585 0 0 0 0 335594044 0 0 0 0 1410842618 1875647985 0 708769409 0 0 1249167115 0 309677471 0 0 539824672 0 1424082169 0 0 0 0 0 0 910935852 306845379 0 953077858 0 124904935 0 0 1898137831 0 0 1161496801 0 0 1870266211 0 0 0 0 124871017 708967551 1821391633 0 514891212 1097990154 0 0 1431200997 0 1225977581 1418284078 0 
0 380104047 0 0 0 488590022 1566227681 255663165 779963398 0 0 799501110 0 0 999281331 0 2111892208 2088427347 0 0 1762335332 873686739 0 0 287847408 0 2144042836 0 0 1414843266 0 0 1794947313 0 2075805326 152472647 2001551167 1494549359 0 634030917 0 1825295779 0 0 817754661 0 0 782163222 226273411 1536341626 0 1988608743 262544717 0 0 0 0 550526122 321627591 0 1965369388 0 0 0 
0 1373236259 1765305700 0 0 0 340762902 1694606026 1851253644 0 0 521524657 0 0 1303687879 0 0 611743565 0 0 0 533506434 0 0 1084032556 0 290503625 0 0 0 367267701 0 0 0 0 0 0 880988581 0 0 507799863 0 0 0 1989167938 1540030150 0 1348245766 4290068 0 0 0 0 0 0 0 1635525243 0 0 0 0 0 1302364520 396809398 
1262225853 0 0 0 576095133 0 0 0 1030858148 1224433355 1503835854 0 616979858 2062191115 73304556 621269926 0 1043172867 0 1524003424 0 1290826966 0 1673097444 1138530988 294338279 0 574169569 0 1296849142 0 686216585 0 0 1959490056 0 2061171214 800097493 504462177 0 2024530848 2008298031 1817088152 494027058 0 0 1115296984 228124079 0 0 1752127504 0 1992266872 1136597384 0 0 1430935663 0 1557483782 0 0 0 1541142981 485073737 
0 1353149389 2053124565 0 5763234 0 0 0 0 0 0 46439327 0 0 0 192101734 0 2026690911 1015755864 0 0 0 874188173 299256662 0 0 1154183058 1201894380 0 0 0 0 0 0 0 0 0 0 0 126145957 0 0 0 0 0 447148692 0 1557144509 0 0 0 0 0 0 0 46211766 458911303 0 0 1124078712 0 0 0 0 
232716002 1921403625 0 87944483 764310762 350820367 214090440 0 369739662 0 0 0 0 0 0 0 848851983 0 354857326 0 0 1996274591 1379982825 0 0 480605323 0 0 0 0 494850233 0 0 0 0 0 0 1802946865 934296946 1924148827 42138943 0 0 875963360 0 800429265 2036143733 0 0 0 2028243016 0 92308354 0 0 0 0 0 0 0 0 629449240 215488102 0 
