0 0 1996207199 0 0 0 0 0 1243421891 0 0 1075104514 0 199540617 755876355 31394491 316532078 0 47229014 1427894547 387256885 0 0 0 2139305578 84955646 1176475821 0 0 0 1201980624 0 0 1050704176 0 0 0 0 870053740 0 0 0 0 0 2111374956 0 0 0 1958037388 276386942 0 0 1430162354 0 0 1421984285 0 245543438 0 0 1513944070 0 0 0 
1718180402 0 0 0 0 0 417203312 0 0 0 0 0 0 1342233727 63769944 0 0 1772087878 0 0 0 0 0 2137348170 441225271 0 0 0 0 0 266870868 0 0 0 1399191332 0 0 0 1479921861 0 0 0 1257311696 0 0 1321081640 2105752838 0 945685870 0 0 0 1280565239 0 1774048769 1721790510 1977279768 0 0 138567962 0 0 18036558 1243548580 
1248268757 0 0 755294999 0 0 0 0 0 1339088186 0 0 0 0 337775512 1458372049 0 350476003 0 0 0 721637770 0 0 0 0 0 1735571455 0 525377148 0 0 1942605039 0 959264673 881260277 0 0 0 0 0 52918801 150424519 0 185491877 0 56220282 1402948360 838676035 0 0 1377652543 0 1678331372 0 887899704 985168865 106282113 475987511 0 0 0 0 426780652 
0 0 1308040930 0 2145145293 1186655845 0 0 0 0 975639229 0 0 0 0 1686708888 35668793 286534023 0 0 0 0 0 802550612 0 1125003061 743420394 1253760681 285143313 0 1680541333 0 0 0 0 1990025625 0 0 0 0 1792193690 1048488554 0 492742896 2080348065 1077959570 0 0 0 948845920 1877132704 0 0 378664606 0 0 1503667668 580362698 1193043679 0 0 0 1726405364 0 
0 801874282 0 1447470792 0 0 0 0 0 817260937 224204441 0 1895220507 256172577 0 1112230452 1205018497 0 0 0 0 0 461483074 0 563927146 0 0 0 0 0 0 0 0 0 1100331594 0 0 0 0 1565923403 189941486 1707818866 0 0 1963991443 0 1049908797 0 0 1196530941 0 1560539772 0 2005209443 0 0 1512252548 0 1629088581 1745397017 0 680173858 0 0 
0 0 0 0 0 0 1741768063 0 0 0 1998889793 1040027396 0 0 0 8917043 0 0 1569456815 1130457624 1315522205 0 0 0 671763238 208601444 0 0 0 0 156163312 0 0 335733270 1951923955 0 1998917653 0 0 0 621696044 1516488318 0 1357167341 0 0 0 0 0 788057551 1351139471 0 0 0 0 0 139253778 1465897945 0 0 0 1675554025 656624727 0 
0 0 0 0 0 2143913900 0 0 1512918570 757688615 1838653142 0 0 1057253879 2003920029 0 0 1207575852 0 964192671 0 0 0 0 844646302 0 158027396 1839522893 0 814652124 0 0 0 0 0 1135506915 0 0 1616992716 407697148 781735768 1308162210 0 1420991780 217932441 2047371711 0 0 1107463915 0 0 0 0 0 1375690417 1814061144 0 1533717813 0 0 200886289 2073100636 0 0 
0 168822984 0 2013711188 192870138 2081619431 0 0 0 317376370 248114038 0 0 0 0 1324728348 943424826 108459906 0 1912839669 0 651143570 0 1357300561 0 938033907 0 0 0 0 0 1835099858 0 0 1701327398 0 0 0 0 0 0 0 0 362409243 0 0 0 1294245442 0 0 1059601463 1601407971 0 0 811224885 1651112051 1429568888 1437390649 0 0 0 0 0 0 
1488770443 0 208854379 0 0 958802615 0 1507592992 0 0 0 0 0 1409656179 1454447301 0 0 0 98848999 0 858100097 0 0 0 199980885 1084018424 0 0 0 119273818 0 1882065121 1653953562 0 0 868918097 504706138 1705375675 0 0 594960567 2099029677 0 0 0 1928736540 2026651897 1585965484 147818008 0 1276979428 1005918106 888091132 0 0 0 0 1432024916 0 0 0 1476141903 0 0 
0 0 0 0 283422970 8230541 0 878383537 2107260218 0 112627111 1320978779 2096381075 0 759460615 0 2117296256 0 0 0 360578170 0 1945975757 1916218369 1533278254 0 1717669599 0 0 0 1994861990 0 0 0 0 0 0 1360911763 0 0 0 1106183216 915567332 0 0 1675027947 0 0 0 0 1925694924 0 0 0 0 0 1514288255 0 953460341 0 369701840 800838683 0 201451437 
0 293925454 316624004 62232107 1654837217 1310180109 0 1035909868 268879677 0 0 0 0 1940049109 287165789 0 321884518 0 0 952456912 0 0 968823912 0 0 0 1789416438 472510465 0 0 673961902 1003059413 0 990585907 0 0 153282368 722112181 0 0 0 1618854264 1789020299 0 0 0 0 0 0 0 538277507 0 0 0 0 1293995018 0 0 1766505484 1857541313 0 292983738 713117078 0 
0 0 1777022206 0 353037133 0 0 0 0 1500550711 894486125 0 1429253152 0 1351123812 0 0 1889401319 1059492616 0 1249019091 0 199942999 383437467 138999085 0 93495132 0 0 0 0 1395518219 0 0 684886585 0 0 0 290627954 0 0 0 885474566 1178737213 0 89114730 0 0 1978516049 0 0 0 1218616472 0 0 0 1777566707 1556984092 0 1889515281 216112655 0 0 653649818 
632356579 1822436437 1444224113 1546128085 0 0 666299435 0 772482499 1551774001 999591059 1615464509 0 0 0 0 0 0 0 2039388948 1742985204 1867977937 0 1373068263 0 1448898732 0 1493591037 2049996680 105166100 0 0 1927602537 1443981320 0 0 0 0 0 1803832240 0 671933581 0 0 2126110865 0 969430052 799399693 0 0 0 0 0 1940825852 50490710 0 0 0 0 1144753968 1270756707 1717756295 0 0 
0 1613137628 902364272 0 65467463 574706794 1701952300 69571300 1246640375 0 1714563867 0 0 0 0 0 0 0 0 857358970 0 0 1081767022 0 0 0 601342092 0 0 133482023 0 1236809078 0 0 0 0 750463687 0 0 0 1515679544 0 0 1639498857 0 0 845239060 0 0 875885357 0 0 0 0 0 56266331 0 1940321326 426267004 0 0 0 1503999905 0 
2022900167 0 0 0 1180843187 1071717587 475500621 0 372972574 0 0 0 0 0 0 0 0 0 0 571717427 0 801939951 0 1853991244 0 1054250762 2121182071 0 753910387 0 0 0 0 1384095858 0 0 0 0 1551542347 681302371 1133612715 0 892040203 0 331406344 0 1216642595 0 0 0 0 634879448 1481543264 1145802591 0 2076320894 0 0 0 0 1792783796 496487615 1435806999 1614443873 
0 0 0 41429623 0 0 0 1260367266 1466118829 0 0 0 0 1818115555 1743626580 0 350235220 113961765 0 1831778484 1259764357 0 1760615730 1312334062 0 0 2118814155 2080437173 0 1407137507 1547397399 0 0 0 0 2077422522 1890383077 1056815718 1190306141 0 524104268 0 0 0 0 455202716 0 0 0 1469847695 0 0 0 1110073146 993779253 0 0 0 0 0 224763619 0 0 0 
0 211948259 2105370465 0 0 0 0 0 0 595807323 340266362 107415772 1051010039 31449544 0 1620174520 0 1269519417 0 0 0 147915316 0 0 0 0 990459156 0 0 0 0 0 0 0 0 0 324332767 154079967 0 0 0 0 1224236950 0 218652784 0 1273588202 0 0 427724265 368695573 0 575639581 0 1756208709 1688664657 0 0 878969705 0 0 0 1341272644 0 
0 0 0 0 1912685040 0 0 0 635988607 1938753401 0 854641392 788085056 0 0 0 1869814831 0 0 297970764 0 0 0 37693293 0 718121479 1636846437 785829655 0 830635433 1186125865 88706680 0 0 0 206958250 0 400918403 0 0 0 0 0 0 0 0 0 0 0 997621807 0 0 0 0 88856629 0 762731414 0 0 0 0 0 0 0 
0 1353184222 0 736803386 0 1779616892 0 0 0 0 0 707838755 754020690 518806037 0 0 0 0 0 0 865394249 1549374191 268268264 0 0 0 1058717605 1536448462 1096215606 578016227 239576524 1743742917 0 0 0 0 929279728 1795130723 1336626560 0 542137570 0 0 0 0 627643530 0 2003457140 1448427844 2018546402 1089160674 0 1420436945 0 0 0 0 0 1936995369 0 1283714293 0 0 0 
0 0 457766874 0 0 0 1559993079 514446469 1762616692 0 0 0 0 0 0 0 0 0 0 0 257241797 0 1913196528 0 0 0 0 0 1731796495 2090788805 0 0 0 533860123 0 240275878 180769910 0 0 0 0 0 0 0 638993350 0 1409283148 0 0 0 0 1160739430 95769571 0 717105520 0 0 668811509 0 1149105974 0 0 0 0 
1734300256 0 0 0 0 1875081872 0 0 145441653 0 0 784435003 0 387935198 0 0 0 0 1381992958 0 0 0 0 0 0 357805214 2040513356 0 1558245347 0 0 0 0 0 0 0 813100754 0 0 958542408 2085176360 0 0 0 0 1111134792 0 0 0 0 0 2049762073 0 350325251 0 0 708130466 0 0 118892165 0 480938626 0 1227863027 
1566441156 0 0 0 505256890 0 0 0 345433974 0 1845881857 880072315 1897229226 0 584198336 0 0 1701065256 227688173 844105358 0 0 127357972 612037326 0 0 0 0 1124092219 0 0 0 0 311063743 775107990 0 509794574 1965708660 824725401 855228548 604319446 523123611 0 354065024 0 0 0 0 0 0 0 1776987669 0 0 0 0 0 972470838 0 0 819870801 674564112 0 0 
0 0 0 0 1459627615 0 203167330 2063947062 0 0 270528438 0 0 0 1856257864 0 0 284898964 0 1638219436 0 0 0 187534351 532113466 0 0 1351984267 0 0 0 0 0 979055835 1382189422 183136772 0 0 0 1012993968 0 370128624 0 1339341398 1320131835 0 0 0 0 346039939 0 0 0 0 11854364 0 0 0 0 0 1899707450 1690670628 0 0 
522242816 2044582924 0 0 1482456029 0 0 711313680 1276082189 1111965028 2050655079 448730376 0 0 0 646426367 1277150029 1999094854 0 1182832596 1352039905 482600744 1620628630 0 0 0 1854670138 0 0 369579991 0 0 266679267 0 437577343 0 945498048 559793576 0 0 0 216136760 0 0 0 2001371687 0 0 0 0 0 1057539150 787052840 0 2136582779 1792287185 0 1843769269 402261684 0 0 1782936438 0 0 
0 472893481 0 0 0 0 0 0 0 1217418878 1891725010 0 0 0 0 0 0 0 0 669452014 0 0 314255551 0 0 0 0 1585595676 0 923221325 1918140556 26967300 1396114806 1852337085 647462622 0 0 1342054534 838280229 415313912 0 582521591 0 0 160468669 1765834428 112619195 0 0 0 0 0 0 0 0 995171718 0 1724565363 433283747 0 500303040 0 0 0 
0 622008944 30252413 2008293035 0 0 276123299 0 1451054234 0 0 0 0 1824485472 0 0 0 219226954 0 0 0 0 0 0 0 0 0 0 0 0 0 0 1385545647 0 353923939 0 808401699 630047238 0 111972285 0 0 1723495189 557396078 672079527 0 0 148562211 0 0 1247970197 547947956 0 0 0 0 0 0 0 0 0 208931241 0 0 
0 0 0 0 0 517801652 0 0 0 0 0 0 0 1832144843 0 0 79616255 1434007642 0 557869005 0 967557325 0 0 0 995815757 0 0 1204746998 427232951 1825290870 1353547295 1286554312 912397449 0 0 0 1232439925 0 0 1877625747 1438697779 833070041 0 0 1019107485 0 0 0 0 1760844235 787221728 0 0 0 0 0 0 0 362940854 0 0 1716488150 184913531 
0 0 0 0 0 0 346532731 694852170 859437407 1179602772 153098731 0 0 789078995 0 0 0 651648552 0 0 0 0 0 0 0 0 482645009 0 1251511016 0 0 0 0 0 0 0 1776829292 0 0 488783051 0 0 0 0 238175975 0 0 0 0 0 0 0 1694858336 0 0 0 0 1430408119 0 0 0 0 0 1265977287 
0 644277978 0 450383381 0 0 0 0 759702245 1263262219 0 0 478162322 1721279574 0 0 0 0 0 0 0 0 982013556 0 1403457512 0 1871099745 0 0 1444706314 2004008782 0 0 1871132149 0 0 0 0 218820852 0 0 1082692463 0 0 0 0 0 0 0 0 0 531878693 0 41476752 0 0 0 0 0 0 0 0 95019507 0 
1385894224 0 1019460232 0 0 0 0 453363744 173489900 0 774548670 0 0 0 914266739 1259130730 0 0 0 0 0 0 0 0 0 0 0 0 0 0 0 0 843833752 0 0 1454174893 0 466758076 1907538637 0 0 0 0 0 0 0 1441558137 959191347 0 1085083912 0 1731285158 0 1471113478 0 0 845414206 557910496 0 0 0 0 9434038 0 
0 557055408 0 0 0 1429227128 0 0 0 2055015209 0 0 1649880095 0 0 1218474917 0 0 0 0 0 0 1509074500 379713152 0 0 0 423543777 988035200 0 0 0 0 160229514 1473597771 1704493093 1589456642 553047538 0 0 460579099 0 1049715509 0 1083148002 1652818583 0 0 0 0 654734124 0 0 0 0 1383093315 0 1891689960 0 0 0 0 1566763097 548510122 
0 0 0 0 0 1716587862 0 0 1269175118 0 0 0 1860751203 0 0 0 0 0 0 0 0 0 0 613683976 201280715 0 0 69111228 0 1354958662 0 0 0 0 0 1546276992 0 0 0 0 2134314410 1027292958 0 0 1930739179 0 0 0 1638323525 0 0 0 0 0 0 0 0 172443359 683894522 0 1527402021 1301515872 700685749 0 
0 0 0 0 0 0 1730838524 0 1211654113 0 0 0 577055514 0 0 0 2020475751 963718487 0 0 715594497 222707001 0 0 395150360 0 412537808 0 0 1113223557 0 616377866 0 281886942 785796140 0 466248097 0 0 0 0 0 0 148337483 0 0 0 0 0 0 0 0 277399083 0 0 672549444 1529195193 0 0 0 0 0 737294136 0 
0 0 912920673 0 0 0 0 0 0 0 1611860746 0 402538528 0 0 1261956215 1882785702 0 689484752 12701137 1127840993 549649405 685250581 0 0 1132868759 630468808 0 835826279 0 0 0 743369574 0 0 488127220 0 1253274423 0 0 1760113751 0 0 0 0 0 0 0 65547458 1966609599 0 0 368775356 0 1702940990 1191127222 0 0 0 0 1553689095 0 24289811 0 
1337528725 0 0 929213369 401843887 0 727496338 0 1857896657 0 0 0 0 0 1638990169 710395827 1125893419 336147266 0 0 0 0 538312349 233831381 0 1790233807 0 1051373219 0 0 0 0 0 0 0 0 0 0 0 1990932568 943405262 1203753873 0 1588253631 0 142006004 0 1488931112 478153270 0 836116239 0 0 1374428588 0 864392186 0 0 0 1498193663 1477213955 0 0 87523681 
660396832 0 0 0 949813070 273788547 0 0 1477542420 0 1333988316 1840580114 0 1485154127 0 1907540419 0 0 0 611844984 0 387304580 1476237170 0 0 0 0 1732508582 0 634747529 0 726662110 0 0 1520094852 0 0 0 0 0 0 0 0 0 0 0 0 869134369 1269341092 0 0 0 0 0 481730061 0 0 0 523223410 0 0 195772025 0 0 
1115481584 0 2045366331 0 0 850221336 0 1378673627 989064657 0 1957451140 0 152903538 0 0 1422244630 0 668208531 0 0 1477941406 0 0 1384709562 70661182 441243132 1357742995 652632646 637015158 0 0 0 0 0 1913992783 64061254 0 0 0 1081080036 1353268318 1252702373 0 1506171856 0 733887671 0 0 0 0 825726440 0 546077271 0 0 0 1184989295 1327522870 0 0 0 0 0 1219739400 
0 1193526683 0 2094575531 1645088738 579051887 1028171919 0 0 0 0 0 0 0 0 415846991 1413134480 1609922748 1148400952 0 0 0 0 1391174558 0 0 0 1535697811 0 0 0 18712972 0 0 2113288503 1036361036 323322457 0 0 0 0 0 0 0 939806870 0 0 205457702 0 1999322271 0 0 970019450 445652364 0 0 2143490021 1855574776 0 159642842 0 1264407226 0 1592076338 
1008677796 144160670 0 1332000254 0 220704524 0 0 170016938 0 0 0 15557998 0 0 1355561237 0 0 0 0 1778119681 0 0 0 1252236632 0 1933768896 0 0 0 0 0 108801732 1231103442 0 0 1451807966 799268231 0 1621824904 0 0 0 1100303737 2056457517 0 0 0 1084430243 1062647418 0 0 459309274 1324236151 341708682 1711545906 1473793077 0 869619283 0 0 0 0 201436725 
0 0 0 0 0 0 1629538014 0 0 66219430 0 1227267170 0 0 538569000 902612600 535485945 0 1617678876 0 0 0 558857477 0 2087381489 1428476760 0 0 0 0 0 1604150902 0 1682345463 0 0 0 0 294620913 0 0 1606561761 0 0 0 0 0 1614886233 1653534649 0 462197804 0 0 1021055282 1925269214 1102929746 0 0 1135462580 0 1871808608 1369432140 659477759 0 
0 0 763401190 0 0 0 0 0 0 1957192186 1208750828 0 0 0 0 747075948 145844290 0 1799581341 1308876195 0 0 264322293 0 820706229 0 1904531429 0 0 416525540 1225448579 0 0 1988849769 0 0 0 0 1988590830 0 0 1049858010 0 0 1992057955 0 0 0 0 0 1299294792 0 574259729 0 0 0 0 0 1939997149 0 0 0 816195350 975892429 
0 0 0 0 0 0 0 792350789 0 0 0 0 0 0 0 835693252 2026725217 0 0 0 0 657843215 0 0 676826440 0 0 0 511459191 0 0 0 0 527312935 982020171 1537146141 0 2009741391 182013282 0 0 0 1607148005 0 454432000 0 0 0 0 0 0 0 1025112470 488158479 0 0 0 1799949124 666790467 0 455218793 0 1863902173 0 
0 0 93854520 2089836454 560696440 0 0 0 0 0 0 0 0 0 636056626 0 1790479670 0 0 0 1911389974 0 0 0 2131151920 0 238676697 0 0 2102578870 0 0 0 0 0 0 0 653997585 1382927414 0 0 687292700 0 0 0 0 0 1753499138 1574939999 0 0 1338846325 0 0 0 1328762854 1386041959 0 0 735446986 0 0 1219699401 0 
0 0 0 0 152818560 0 578765566 0 0 0 0 0 0 0 0 1821065948 0 0 0 0 1261043936 0 0 0 1272438158 0 1235049233 403134671 0 0 0 1271660687 1953569610 0 0 0 0 1068439349 452777390 193444061 1162856793 0 1077660786 0 0 0 0 1751420773 0 0 0 0 0 0 0 0 0 0 0 0 1340242310 0 0 0 
0 0 0 0 0 0 0 2118630389 0 1341495069 0 0 761904424 0 2003657188 0 0 1314385183 244995819 0 0 0 1328885539 0 1075901232 0 0 0 366155485 0 0 0 0 0 0 0 1930747497 0 0 0 0 0 1192979489 1454439254 0 1049153029 253625583 811161055 0 498621403 970745196 1876721467 0 0 244422786 0 0 0 0 1272140532 0 0 288955788 1293083137 
0 0 0 1309612117 0 0 0 0 0 0 0 1957289061 0 0 620966468 413574979 1626422096 1591711664 0 0 0 0 0 0 0 0 1774500683 0 382680402 2063456471 0 1909028671 1439617737 0 1071157140 166818763 0 0 0 249883714 0 0 0 519916482 0 0 0 0 0 1076304259 1087952631 0 0 0 0 0 1954952382 0 1228646108 190149137 1914092373 0 2099177808 1206226462 
679407575 0 0 0 0 0 1917809745 371792405 1420329573 0 891708887 0 0 0 0 0 0 869314202 0 0 1447713490 0 0 0 431067916 0 1445331362 0 0 0 0 0 0 0 0 321789511 1589064526 724307379 0 0 0 1585290803 0 1064993424 0 1504648370 0 0 0 0 2087105621 0 0 0 0 921377285 633704665 0 0 0 0 0 0 0 
0 0 0 0 0 0 0 0 0 0 0 0 0 0 0 0 1286953844 0 0 0 0 0 0 359329738 0 0 0 0 0 0 0 0 1901445839 0 0 2106142091 327677443 0 717677300 0 0 394205932 1700389622 0 0 0 0 0 0 2098694233 0 0 0 1091689033 0 0 614416163 0 0 512616676 1825547475 0 1415755254 0 
0 0 0 1594875136 1128532392 0 0 0 502567694 1530310891 0 0 0 0 0 0 0 0 0 0 521856652 1240762264 0 0 0 1705970721 0 0 0 917161098 0 0 1535090224 0 1829641688 516138968 0 0 0 0 1042390200 0 2030806650 0 0 0 0 350387318 0 296989759 850544053 0 0 0 0 0 0 0 358837749 0 279822466 114180368 0 0 
0 0 183568010 0 889661817 0 419036473 1932052017 0 302359475 0 262682518 1222801562 0 0 1573411267 108122130 1463613890 0 0 103248579 159649500 0 448853989 0 0 0 0 0 0 0 0 687551586 0 0 0 728721922 348253631 0 413487319 0 0 0 0 2123010591 0 0 0 605369916 0 1729523227 0 1757385764 1263434882 1157472485 1279696633 0 0 0 1163114059 0 0 0 0 
204522735 0 0 0 707722069 0 1346731976 1358335175 1872927506 2022901814 0 0 0 236124835 0 1770027757 0 0 0 1443763215 0 1488635089 0 1786278623 260652184 1657806168 801909035 490122005 0 1232160315 0 0 0 1753894574 0 0 0 0 1510202349 0 274148754 0 0 0 0 0 1061350703 0 0 0 0 0 0 241742951 161527160 0 0 963436195 0 1961263986 48112862 0 0 0 
350509630 1279500200 0 1665453491 0 1154327491 558357562 1952379542 0 1299716082 1243702488 136938473 1825694477 0 0 1718332325 1550082852 172192408 0 0 0 255108023 1130580887 0 0 467536179 0 0 1211634883 59799110 758915048 1562144513 0 0 1080114357 0 0 0 0 1011196421 790704354 0 0 468915183 2076214376 0 39763860 1478813580 1826752961 0 1615077534 0 0 598174773 0 0 0 238986673 726170397 0 0 1485085446 1692006701 0 
0 624637410 360647895 0 0 1035590239 161722442 906330035 806751423 1309857337 1375245218 735482152 0 1415009079 0 496203555 0 0 0 0 132580744 848613731 0 0 1087600404 0 0 0 1460092060 0 876987632 0 0 0 0 0 0 0 0 932493541 0 0 0 492290443 1014557065 0 988493998 415427219 0 0 0 1401774492 0 1601069984 452582541 1366632712 0 1780736425 0 0 0 1482522883 0 0 
572674762 0 0 0 0 1840486857 0 481534191 1440034844 0 973824634 0 0 1962318632 722535481 2007900346 1392737210 0 0 0 380871936 0 890918583 1956948534 1348026508 0 698149896 0 831493070 640085306 0 0 0 0 2102584713 1739458776 723936638 1586011487 73509319 0 0 0 0 0 862168938 0 0 0 0 0 1779192019 206805466 2018534876 0 0 0 0 0 925550311 0 1354505555 0 0 140302693 
1518716727 2062359108 1879761469 0 0 0 111657552 2090817253 0 0 1271970509 0 1481385225 313540463 1822712533 0 617301608 0 0 488352836 0 0 0 1848644999 97331174 0 404251561 1451836730 0 0 1592139423 344513613 278901416 0 439683331 1779788363 0 0 0 1983325479 0 847608830 1551131864 0 1161149294 0 0 0 0 994455438 0 362862216 0 0 0 474697538 0 468275129 0 0 0 0 1482558397 1111202502 
548123639 0 0 1678328023 0 0 1514169854 0 0 917818070 0 180420015 0 0 1958870917 0 0 0 0 337858978 1757458021 0 812556516 1922222271 1425154091 0 0 109971528 1962797179 247858157 1221174030 0 0 0 0 0 136343138 0 0 0 0 0 1483517522 175480994 113151836 0 0 73644451 0 1598329567 411503429 0 0 0 0 0 1815667081 0 0 0 0 0 0 1793582950 
0 0 0 0 0 0 0 1328452902 655854217 1609213003 0 0 0 0 0 0 1660253988 0 0 0 0 0 0 0 0 0 0 0 0 0 0 1251536763 0 2068179747 0 0 0 0 1548680423 85289874 1809043221 0 0 0 967055092 0 0 479825432 0 923305543 0 0 0 0 1133260614 712795444 0 615671242 0 1972750524 2092499652 918459330 1076803640 0 
0 0 0 0 1350768595 0 0 0 0 1208176888 0 0 757639673 1683478259 989011938 1561256392 0 1389332591 548119694 515796371 0 0 0 0 149567902 0 0 0 992145234 0 0 0 708537631 0 0 0 1277932355 306289062 0 820063768 0 0 0 124621975 1890667247 0 0 0 1560111155 86514413 718280124 808171297 1767894721 1946871940 1611183683 0 2020557844 0 0 0 1797062200 0 0 358116184 
0 501444548 0 0 807733610 1194089509 0 0 0 0 0 0 0 1985216254 0 331340020 2071730667 2065225974 0 0 0 0 1462120715 0 0 0 455424245 0 0 0 0 0 0 0 515681581 166155202 19430011 0 0 0 682299204 0 0 1601011717 0 1764632807 0 0 1682375134 924379406 2094330369 1399505752 1527590759 0 0 0 588167385 0 0 0 302111855 0 0 1808017095 
0 1174833823 1974172298 0 1109199079 0 0 0 0 0 1245026352 0 0 0 0 958158979 0 0 210181083 1334380959 0 0 0 0 0 1829745688 0 0 805214393 0 460188117 0 2060473530 0 721230116 0 0 0 0 1262205300 0 1911229949 400432028 1044080022 793640742 2088331033 0 0 0 0 0 0 1264828087 1197006976 0 0 879269016 0 0 0 0 874730041 290507010 686369284 
1161606809 0 1708558245 0 973914970 0 0 0 0 0 0 0 1072044407 0 1385096179 500153871 0 0 0 0 221947761 0 0 0 373484773 0 0 0 1580002972 0 1833233459 0 0 0 0 0 1621586250 0 0 0 0 0 0 0 0 0 0 0 0 26371673 0 0 0 576613025 0 0 0 0 2032465701 0 0 1718215512 1308531412 1195427306 
0 1371217239 1962319304 0 17184411 0 0 0 0 0 0 80937481 0 1992919679 0 0 0 0 0 0 553470790 1018583366 0 1835356746 0 0 402278377 747276724 0 0 1942704030 0 0 0 2129422343 0 0 2033691963 0 0 0 0 0 0 0 0 0 0 0 1166106379 0 970667858 0 612844129 658540956 0 1767352164 1060819333 129309268 0 624145475 0 0 0 
0 0 0 0 0 0 0 1943805515 0 1738886512 1625542601 0 0 0 0 0 0 2036424474 0 0 0 0 0 121653472 991483733 175746443 0 0 100276093 0 0 0 0 0 0 0 351293167 945481624 0 0 536884488 0 141197860 0 863517983 0 0 1490716517 575761364 289689333 0 0 0 0 0 1211837466 0 0 0 0 0 1706817445 0 0 
949101215 2068401310 78215628 0 0 0 2002846903 0 0 0 0 0 683381653 841992670 1464275535 1259143018 0 0 0 1352035736 0 1388405482 0 0 906883514 0 2085906043 780028022 655706379 0 0 0 0 0 0 0 0 0 2093982113 0 0 1918408895 0 1293024352 0 0 0 0 0 593889412 0 0 0 0 1817614645 741694760 0 1756037040 0 970136878 1659418431 0 0 0 
