0 0 275963147 0 995219514 1501820115 0 0 0 0 0 1806254303 0 0 0 120647045 0 1741896882 0 0 0 0 1212867001 0 0 0 732843603 0 1468245743 1674868006 965267536 1813808188 0 0 1705133817 0 0 0 0 1187478350 0 0 846249005 0 0 0 0 0 0 770712906 0 0 202720538 0 613293727 0 0 0 0 1584370338 873521688 0 0 1485198603 
0 0 0 0 0 0 0 0 1754308052 0 1438542359 1681171353 1656055878 425709276 0 1802490747 0 0 1113528587 0 0 0 0 418984365 925475996 0 0 0 0 0 0 0 1914910982 2081324023 744589909 0 0 1002375146 0 0 0 0 2061474470 1614981619 856890759 0 0 0 0 236033658 0 985283607 1962855972 0 1404267972 0 0 1260139028 0 0 219221314 0 0 2134132297 
1462915371 0 0 0 2114753849 0 0 0 0 0 0 982943948 0 0 0 0 0 0 1348871299 0 0 0 0 100537884 1865794652 1848299291 0 0 1229890639 0 0 545322362 0 0 634232798 241481353 0 1103446352 0 447338442 0 0 0 1167814582 225053843 0 0 0 0 0 1839858749 529441695 0 0 629979579 0 849127679 1571506884 994288872 2079018319 733339334 918469839 0 0 
0 0 0 0 0 0 0 1553703264 0 0 574034198 1203134189 0 2105436472 0 0 0 0 0 0 0 0 0 1870235491 0 0 0 0 0 0 15078437 0 0 1264110277 1967304649 1309285916 0 2133328085 0 1511416111 0 1289539730 567066652 0 1247492554 747487327 0 1938235303 620283103 0 1819939954 0 0 610917511 0 0 0 0 0 0 0 0 1201056215 244322553 
0 0 0 0 0 0 0 441388268 0 0 1643932692 0 31334501 537221223 301930645 651617604 0 2121870599 145524872 0 585304462 0 737065486 981488402 380613256 0 2081408609 0 0 0 0 1094754313 0 0 447602371 0 0 0 1456484668 565950242 595713713 952933713 1077129231 0 0 0 1278665819 1288334139 0 0 0 0 786374674 2082185837 0 0 0 706681006 549690360 0 1841662183 0 0 0 
0 0 0 512128955 0 0 0 0 979584414 0 0 0 1386784657 1548016949 1610589841 0 0 0 0 1611098666 0 1156771524 630602948 1102503633 0 0 1589836907 0 0 1024440846 1260184346 0 0 0 0 0 0 9598307 0 0 0 2012374051 1158841198 1404107745 0 0 0 0 0 233387415 0 0 0 0 1128122655 0 1364658972 570475914 516275239 574183977 0 1776459586 0 354080268 
0 72576888 307316626 0 0 0 0 0 1915229951 1311754092 1503606029 0 0 1352977964 0 1216391771 0 824564066 0 0 1008929729 0 0 0 793125714 0 0 0 0 0 0 0 2013923698 0 0 0 0 0 0 572557922 173256724 0 0 2106958207 0 0 0 196095605 0 0 0 0 0 0 788644483 0 1116781204 0 0 0 0 0 441979565 0 
0 1298052951 0 0 159555583 0 0 0 650201410 1858936454 0 1407415284 0 1468153198 1603510889 141591788 0 0 0 0 1293984636 0 0 0 0 749519460 0 0 723402722 0 0 0 0 469143644 0 0 1715109144 1238133533 1397916178 0 0 0 0 0 0 1081269431 0 0 0 235807786 0 0 0 0 972216128 515325408 658353027 0 0 1381755749 1892710883 2103639325 833513805 0 
0 0 1715879393 2140408465 0 0 0 0 0 1835993913 0 0 769779696 0 0 184728995 1163727822 0 893662931 744827662 569231381 0 1260153071 0 0 0 461856510 0 0 0 0 0 1113809131 0 171913242 0 0 0 0 0 0 0 668289328 840954926 58252726 642645219 0 0 0 1919346853 1966808211 0 0 0 0 0 877011061 0 1095224122 0 0 1347354190 0 0 
1167880004 981601832 0 1954717742 0 1580398188 0 0 710730879 0 128913305 0 0 1154597226 0 0 926460431 0 1294387853 0 0 0 1910588624 0 1513511066 0 0 2075629420 0 0 0 1226079645 0 0 1033313740 0 588329466 2136416894 398542231 1299060345 0 527455536 0 0 0 1911524456 1448993220 0 1574329525 595897425 0 0 0 640853571 0 61204224 0 0 2136833645 0 0 0 635978308 0 
0 0 0 0 1658225294 0 0 0 291062874 0 0 0 0 0 0 0 0 0 1769319912 1743047312 0 1410258609 0 0 0 0 0 1809355435 0 0 0 0 0 0 0 0 0 1224356719 0 0 0 0 0 0 0 1743349183 0 2009280561 0 0 0 0 0 0 0 1003066019 0 0 0 0 0 728774497 0 0 
0 0 9790051 0 0 0 0 1139346329 2025684137 0 503902205 0 2033794273 1468649412 701407457 646586290 2055232884 0 0 0 0 0 0 180626501 0 1425111495 180413994 0 0 0 0 0 449909054 0 0 103077666 0 0 0 0 0 1746326201 0 0 0 0 1318847167 975241202 267265598 0 0 0 0 1492522560 0 1214755298 0 2048686243 751080491 776552752 0 61805997 0 224725161 
0 0 0 0 950400624 0 0 1736350876 0 0 0 0 0 0 0 0 1815980800 1796667768 0 0 1141706680 0 1611434774 1911857088 0 0 540926193 1801353804 0 0 0 0 1936453048 0 0 739370024 0 0 328237253 0 0 0 887288393 1603063680 21856984 0 0 0 0 0 87033613 595014442 0 0 359387882 0 0 0 0 42853973 0 1966398262 1849496791 0 
0 0 0 1801937729 0 0 0 0 1680330049 1339953173 1001556076 1702187033 0 0 0 597384576 0 0 0 2010975593 1030559522 0 0 796575880 304617328 0 0 0 0 0 562362753 2081971406 0 1325090190 1736425487 0 0 0 0 1948901281 0 0 1503604666 0 2088332438 748662188 0 0 80753323 0 0 0 1572239805 0 1907888726 0 0 0 0 1557297705 0 0 1491785463 0 
8348121 1080727302 0 276919353 0 0 78336986 0 456776045 0 0 397624835 0 0 0 0 0 0 1375186362 0 612870391 1135591440 0 0 1735426371 1153061934 0 0 1983803513 1015108970 0 0 2095836273 1621939130 0 1070686547 1164419598 0 0 0 0 14175991 2018820479 0 1724276551 1813390958 0 1307346369 868399026 1456562402 0 0 0 0 1594778868 0 0 0 0 0 2133211346 0 0 2081563971 
0 8008930 0 0 0 0 0 1989799234 0 0 0 2022832378 0 0 0 0 1197756550 0 0 0 0 2053342963 0 0 0 0 0 0 0 0 0 976941230 691857112 0 74880745 0 0 794015904 742105954 383988595 1384487893 401924063 0 1640867193 0 0 618161870 0 0 0 835817859 0 0 0 2098328453 0 652763458 0 868752711 0 0 0 0 0 
1613575356 0 0 0 0 0 0 484059601 0 194850398 0 15947993 1636882823 0 0 0 0 0 1624470861 0 408530842 0 0 0 0 0 0 0 0 0 0 0 0 0 2065387258 0 1931905166 0 0 0 0 0 1820682941 0 1450389407 0 0 0 1075179017 1443952513 1482669357 1483709859 871784532 0 397520511 1047887947 936930296 860032287 0 0 1700702769 2093343330 0 846929056 
0 0 1240210698 0 1974917148 2117551942 0 2023184230 824852685 0 1560850487 0 404269644 1380332138 0 0 676801003 0 815674872 0 139862542 0 448989835 1076792839 2073227670 0 0 0 0 0 325892200 0 0 0 0 0 1536171193 0 0 213540230 281945192 2060641503 0 0 1293489994 0 18179850 0 1882474756 833854722 1371392885 2022337299 2047050106 1820382720 951646490 0 0 1718173402 1451757272 0 393329872 1777649472 549361657 0 
0 0 1814077241 0 0 0 0 798170094 0 0 1484384930 0 0 1502564780 1195839808 0 0 0 0 0 0 998096635 2061296441 723164318 0 0 109673681 0 0 659035339 0 44520965 267562644 0 0 0 0 1427973731 0 0 0 0 0 856890641 273940055 0 1028487135 462875910 758277752 0 551378223 0 0 0 1574090187 494336656 1830761082 0 0 679013325 195315560 1461072337 0 0 
0 1353011524 1246665750 0 0 681139742 887023058 1053786863 0 29711956 1910677505 1873938719 0 0 0 0 0 0 0 0 1205900221 0 139021549 0 0 0 0 0 909063155 0 1598524809 0 1497253147 0 0 0 0 0 1037057970 0 1780482843 800251827 557816741 0 1591932819 747147722 1127758273 1311067444 1487856927 0 0 546273500 214286086 1094773886 0 1154617131 0 0 0 0 1000400111 0 1345692717 350169610 
291528160 61956897 333440716 1670374813 1812727784 0 0 1445726980 23266865 0 1446966838 0 0 427241464 0 0 0 0 0 0 0 0 0 0 1689990072 749160031 0 0 0 0 0 0 0 0 0 1601828724 0 0 0 472798766 1423723015 199555246 0 935456665 0 0 1935047242 0 306350455 0 1463519896 0 19775607 2069899839 0 1709765680 671576222 594218597 105188567 0 321362639 0 0 0 
0 0 1712292303 0 170637339 0 0 1594360354 0 0 0 0 0 169896965 1155506104 0 0 0 806484999 1523100243 0 0 0 0 1465987221 1190570843 0 1787349861 0 0 0 0 0 0 645479662 0 1927502806 1645108256 0 0 0 1240506879 0 0 0 743710240 0 0 1215252593 0 141861428 0 1446288149 1227243703 0 0 270330898 0 404657935 311682806 0 0 430332641 0 
0 0 0 0 573436912 0 1842084096 1011204916 349732152 0 960930954 1760135996 26514823 728965479 0 1241767416 0 0 0 602289505 1748002312 1230757162 0 0 0 1771739163 0 0 1926726891 612865011 0 1396853065 1688677315 0 0 0 0 0 1125835495 0 0 0 42074629 0 0 420971810 0 0 941730419 0 426539143 542249083 679454090 1793620371 0 222598482 1417875886 0 1807289317 1197119129 0 0 0 0 
0 0 864320273 0 1435085791 0 0 0 0 0 710407473 0 26875169 1603093143 274452840 968605588 1051790070 700991983 0 0 347128706 0 1953842643 0 0 0 814640074 0 1845383425 1261128621 182802759 900099746 0 0 0 0 0 0 0 0 0 0 0 0 0 0 0 1772030321 2097398101 1710573713 0 0 1487043383 0 0 0 0 729204179 1292257134 326214269 1990332801 0 0 0 
374699277 0 0 0 0 0 0 0 0 0 0 0 0 1641709564 1708356094 0 0 916663279 0 0 2078813108 0 0 0 0 0 0 0 0 2112172237 0 1250552441 1225508800 0 0 0 0 0 573710 1950415444 1067038212 1442564232 1886741217 0 936790148 1447613663 0 2141589777 0 0 0 148122755 0 0 0 966857265 195278549 1593624929 1860068919 0 0 0 174200506 0 
1143685856 0 573518960 0 0 0 0 1765126019 0 0 0 0 572851512 0 0 0 0 0 0 1692374264 2133020305 0 0 180815206 1091675551 0 0 0 880111150 0 0 0 0 1712363054 1606845489 0 0 0 0 0 0 0 0 690915129 1013534285 0 0 0 805229646 270843850 0 0 1916378119 0 971581510 0 0 76044782 0 0 0 354435890 0 0 
0 0 0 0 2131513908 0 0 102093877 0 0 0 0 0 0 0 0 396929144 505085472 0 0 0 0 0 0 843374653 241985435 0 0 596421325 1313927839 0 515736621 0 1214354312 574023993 289162592 0 0 391256469 0 0 1184265476 1530781905 0 0 0 873216253 1707279915 0 668964614 0 0 0 0 1389374805 0 0 0 330268703 1590420281 190420538 0 0 495552869 
917842297 0 784715461 0 0 0 1668969356 546668434 212753759 0 267418981 0 753830588 0 0 0 0 0 0 1098410685 0 1612672749 0 407049509 489165448 1560864879 0 0 1264352864 0 0 0 341356645 0 0 0 988342600 0 2061179025 0 422986867 181114358 0 0 0 1659618037 2137296491 0 0 0 0 0 0 0 140755131 0 578770237 2138224922 0 0 1946884319 0 0 0 
0 1727068160 0 675419799 1097787413 1568963285 0 0 0 305749751 0 924343588 1965367788 0 0 0 0 0 2019728478 431331608 860907571 12999961 0 0 0 0 0 0 0 865668229 0 1007631998 0 1599167131 0 0 0 1412084308 916330787 0 1717834059 0 1547584352 0 2006359807 0 1674257407 611907878 0 0 1043239486 0 1559502198 0 1156930384 0 0 144763998 1366385340 0 0 0 0 0 
0 0 0 1782614815 2068756657 0 258371931 1639107068 0 0 0 0 966782722 554115378 0 1970611374 0 453067366 0 0 2095103797 0 0 0 842074683 0 0 0 0 0 0 72066606 631786302 2011949709 0 553059311 0 2113053353 0 0 1771525989 0 0 0 1626139729 0 0 0 0 0 0 0 0 0 67538768 1493718459 0 0 0 1330218371 0 0 0 0 
0 0 0 1708470695 0 126190821 0 0 1198215172 0 1289919862 676871253 427385087 1703872652 108661302 0 0 1053087517 986283722 162365871 778426037 0 1656084331 651062200 0 707342406 0 0 0 0 0 0 0 629474005 556728130 0 0 0 0 0 0 1114664474 483267604 617253821 0 591928906 0 0 0 1262820049 344141446 0 0 0 0 144529905 0 0 1164047042 0 0 0 0 0 
0 0 1320630655 949668142 1573176161 0 0 0 0 0 0 783609573 1831261003 509351396 0 0 0 1309526593 0 0 0 0 0 0 1145107892 0 0 994524082 666952946 0 1042021276 0 0 0 1810624403 1691984871 0 0 0 0 0 0 0 0 0 0 0 1674400382 0 0 0 0 365183730 0 0 1510291622 361563656 0 0 0 0 1399353332 0 0 
0 0 0 0 0 85857153 0 0 1626218341 262423086 677703618 0 0 0 0 0 0 0 825126204 0 0 1798918199 0 2144314760 1679489404 1267545984 0 0 0 767336932 28300315 0 0 954094997 0 0 1039952150 0 0 0 0 9894661 0 419205913 0 0 0 0 0 670535936 0 0 321970487 0 0 0 0 1988588205 0 0 0 676767064 182029562 0 
0 0 777710518 0 0 109901560 0 1045469500 0 0 1464675413 0 0 0 1576981018 0 0 1222865009 2046750016 155107920 0 0 0 0 703611416 0 0 1312052905 1334317976 0 0 817696390 0 0 0 0 0 0 1542592984 0 1177228594 0 0 926427311 22386247 0 2006767950 0 788784014 0 0 0 0 0 0 0 0 0 0 0 1063846966 434715854 0 0 
0 2022824350 94796544 1990993752 0 0 796396055 0 349690630 0 0 372076877 0 0 0 0 0 238232158 1707784005 305966176 257947923 1435686838 1630635121 935214601 0 0 0 0 0 1481113003 0 0 0 0 0 1467355120 0 57432065 0 0 990249756 675075155 0 0 601433130 1862395649 0 0 2100627807 189323871 592307953 211092083 1625010709 0 1146306684 0 0 1945622291 1874984292 454954633 0 1055825804 2019964187 0 
0 1281000197 1955576823 1244491444 0 416094657 0 0 0 0 0 0 0 151724687 0 0 341048558 423769025 0 0 0 0 0 0 0 1837892105 0 0 746234261 874512727 290620726 1077698121 8029276 0 174705918 0 514808559 534431929 1527659909 0 381469383 1050361083 1151097666 2090902487 0 0 1605996102 0 0 1332181800 1361709948 0 57190534 0 305150121 0 0 0 530220582 0 0 0 691474954 42240664 
0 866180872 0 1434363768 0 0 0 0 0 2043956158 1725501023 873841669 879031249 0 0 137875364 368711629 1631202299 2043431579 0 0 0 1153723722 1823362631 0 1683944304 1437139464 1542491751 357301964 0 0 1276857174 0 825950970 0 100440795 0 0 0 0 0 1460540355 0 0 0 0 0 865781814 0 118439194 0 554490769 0 0 230369752 1827817609 1981868356 1667509216 1222825712 191686673 0 0 1468543847 348467980 
0 0 448908775 0 0 0 0 546977929 1644488462 0 631593827 2141558646 0 854085089 859856812 0 972524283 0 608497108 1292061530 0 0 0 0 0 47737556 328052575 0 0 1796596422 208516748 0 0 0 979725076 0 841373631 0 1422281477 0 1077614276 2053875304 0 0 760476745 1192310256 0 0 1196367398 0 0 0 0 0 1634714494 0 0 1962767070 958294117 458040348 0 1166810866 504394187 0 
1824236390 1484119263 0 518126373 0 0 0 0 0 0 684430501 0 233784869 0 0 1430152267 2024389158 0 0 0 0 0 0 0 0 0 0 0 0 0 693717789 0 0 0 0 398995368 1863219291 0 0 0 0 382390111 733295031 2018768531 0 0 1301437151 0 412461191 0 0 0 0 0 0 286750252 0 0 0 0 1007074175 528395718 0 1037235930 
0 1597347793 0 811459162 45889545 0 0 1830873207 0 315289334 0 1875390583 0 856111594 0 861839181 0 0 0 0 0 1379579748 0 0 0 0 520362739 552718312 0 0 1589954242 0 1828054095 0 0 1873943640 0 985818317 0 0 1301107652 1112007643 0 1750485642 1968119237 1073519118 0 0 0 0 0 976220132 0 0 1007633519 497745074 0 1527996258 0 1351957259 1758702560 492933980 0 0 
1371635873 1200662477 1165733000 0 38997147 0 0 0 1687590195 1581448662 0 0 0 0 0 249115116 980469158 0 0 0 0 0 0 2025897954 1613481378 0 1230371565 0 0 0 516489650 1050381114 80388858 1682222650 139942493 0 0 611494045 1459490804 0 0 255113949 0 552943192 0 1131113918 0 0 0 0 281133875 732691310 0 563965397 0 0 0 0 0 0 0 0 0 801592421 
707321700 618845507 0 817643254 0 0 468071355 0 488099531 0 1828741804 3677800 610355511 483316464 0 1172464793 0 780859102 1905156104 328621401 0 368778073 0 0 62771607 416107207 523123058 0 0 0 0 148527958 0 0 0 0 0 1434242568 1979526097 0 0 0 0 0 2144100718 1583550509 0 359843443 0 0 688464844 0 0 448479003 0 0 0 0 0 0 0 0 0 0 
1319164437 1420491640 0 1911212389 707250561 0 0 1620734722 0 0 0 0 0 1545911563 1912936090 1580694331 1852404837 453917286 0 0 902396290 0 0 1766982501 0 0 0 0 0 0 0 0 1800103390 0 0 0 1741615187 1232157788 0 0 1012375646 0 0 228660365 228640038 321668556 0 0 0 0 0 1677982132 0 0 1297480985 0 0 0 0 1230147604 0 0 1854700428 0 
0 0 0 0 1327656132 1447995479 0 192548130 0 1310570456 0 359363992 1632239012 0 0 0 739911739 0 0 0 2038668235 0 0 0 163609336 0 0 1765993393 0 0 0 4295206 0 0 1755526081 0 1788899477 0 0 0 1672967232 0 0 0 0 0 1418063804 1318243281 0 0 2071332686 0 0 1078452610 0 0 761956659 0 0 0 0 805373151 0 0 
1146277149 0 0 787692979 0 604563142 559832762 0 0 691336538 0 1678146682 1115765534 685156931 0 0 0 0 0 0 0 0 209667164 465680975 854311995 0 0 0 0 0 0 2093177071 0 0 0 0 0 1293219165 0 0 0 460056607 0 0 0 0 952227455 0 543292976 1873909887 0 0 0 0 0 0 0 0 747703120 0 0 0 2031894902 0 
2032814403 0 0 323967535 1911016822 0 1862419454 0 269681110 0 553442819 0 0 1505670275 0 0 0 0 0 0 0 0 0 0 0 0 875619466 1468425351 0 760030721 1296460720 0 1377828378 2060605390 0 1141361552 0 0 0 0 0 1295409601 1407322004 0 0 0 1281395195 0 366348615 478810197 0 0 0 330847363 0 86568508 1347714489 0 0 268355086 0 0 0 0 
0 0 0 0 1344107314 1702689932 0 0 850615885 0 0 0 0 0 0 1524976568 769268349 0 0 1158191816 0 0 0 835182769 0 652270536 0 0 0 0 0 1973334142 529613266 0 0 1873720581 0 497955687 0 0 90060317 0 1602930346 1248688270 2146274458 0 0 768059160 2001972471 0 0 1489440751 0 0 0 0 1675798190 0 194004154 884556010 0 0 0 1988155288 
0 876095917 0 0 0 0 0 0 0 0 0 0 266691962 0 741360904 0 0 0 0 0 0 0 0 0 0 1496748634 0 0 422925700 0 0 1189482477 0 1787077727 0 622113167 2053256002 0 2086225088 0 886343015 0 2001068679 1153034978 1695555716 594945935 0 0 0 0 0 511246406 0 0 0 1298586907 0 0 1530600772 0 0 1603286277 0 0 
0 0 0 0 1419855157 0 1028935998 158714524 0 882521029 0 0 1477466965 438481618 0 0 0 0 0 1553466688 0 392037077 704569947 0 1784296701 87687071 0 0 0 0 0 786370057 0 195208804 1935022767 1255065205 1915833892 816475117 1413779730 1993033315 0 0 1618304806 0 0 0 0 0 0 0 0 0 0 0 1840706867 0 0 0 0 0 260776326 0 0 95986374 
468763253 360517762 1351051580 237113497 1176992879 0 0 0 0 0 0 0 0 0 0 0 0 0 0 0 0 1576709779 0 2106211842 0 2066242571 0 217904932 0 318315422 313891306 0 678833184 0 0 1855826064 0 0 436847794 0 0 0 1394636948 0 0 0 0 0 0 0 0 0 277599412 450618055 738467576 0 369376978 0 0 561690351 802119779 0 0 1480952963 
0 2120957099 0 0 954326737 1626143174 1748990543 0 1672992163 996143843 1579771535 0 0 544658257 0 0 1393031538 0 48998579 1670630951 1701917299 0 0 0 1271270512 0 0 2073390291 0 0 1406859606 1261016024 1681741408 448671338 0 0 0 1281313315 0 0 0 1409536731 0 0 0 1115929494 0 0 0 0 0 0 0 480765503 0 1859580727 691273775 0 0 1668306304 0 0 781838680 1426016068 
0 0 1914600565 1420865530 0 1744365761 873704909 0 1006418844 982939936 60550915 813130184 0 1959880043 0 0 1760724103 0 0 0 1069045099 0 2061131397 0 0 0 1281141530 0 0 0 0 0 229658016 0 1363431348 0 0 89652610 0 1367497938 0 0 33144474 0 1276044726 0 0 0 0 1140418813 0 0 0 0 1168693812 610507131 556135071 302351694 0 1152649871 0 0 0 0 
0 311163389 125155410 0 400815999 1528252826 0 0 844417509 0 349903225 0 0 1545012425 0 0 0 0 0 0 0 0 0 0 0 0 0 0 0 1466616556 0 0 0 1464880138 0 0 0 0 0 1690066825 0 0 1663045413 0 0 0 1133349267 0 0 0 964082175 993541079 0 0 0 1383062659 715031041 0 0 1859942224 0 0 0 1680605798 
784918685 1749453597 0 1630568001 75147169 1068755290 1173151179 0 775695711 0 0 2027648557 1066538478 0 0 0 0 0 0 0 1235434918 0 0 1950465959 0 0 0 794848287 10973345 0 0 795892030 0 2039688533 0 1992775934 0 1452127562 0 0 0 0 1616820795 1059895336 1381737238 1139402493 0 0 0 258429089 0 0 566758581 0 0 0 0 32440836 106145656 0 200616004 0 0 0 
0 0 1963537055 0 677751927 1766756110 876453392 671108786 0 0 1731004122 0 0 1893395795 0 963775751 0 0 0 571099817 0 47309687 2029880834 0 0 0 1168705920 280366527 422658935 0 251127648 0 0 67181056 2036261068 0 0 0 689838980 405271316 1111021352 0 0 448730737 19271602 0 0 0 0 942816228 0 1734602219 0 0 0 1069876439 465652684 0 0 0 0 0 0 0 
0 0 0 0 0 1791192154 1760276505 1254837470 2064551608 0 0 0 135669106 968591048 0 0 0 0 0 754049544 1031774899 1331774723 0 1497427583 0 1026685301 0 0 0 1875547088 1487365932 0 0 441235458 0 0 84943964 0 505302334 0 0 0 2085835135 0 0 2045787536 0 793901571 0 0 0 0 0 1224393450 834687779 0 0 0 1489636363 0 801006774 829518648 0 2055139167 
1270754106 0 1305604031 1355698071 0 0 0 0 0 1296061483 0 0 0 849571711 0 0 0 949156591 0 0 0 0 0 0 0 0 0 0 1322984810 1299636532 1453404273 0 0 0 0 1859013862 274947373 0 1416511949 0 160757523 0 0 1355122895 0 0 0 0 1104906605 1839568079 0 0 0 0 1260634496 0 0 0 0 0 0 960294434 1877405694 0 
1571819090 0 0 1846766463 396571426 0 1846523447 0 0 0 1912451845 0 0 0 0 0 0 0 0 0 0 0 1932017973 0 0 0 0 764477122 0 1748664452 0 0 0 0 1522820827 1529627616 1825265390 0 0 782331929 0 1851924762 0 137295667 0 0 1851536623 0 0 0 0 2089750116 0 0 0 1998008959 0 0 0 1787479721 0 0 0 0 
2076702781 0 0 1754484523 2060731891 456971087 0 1588693207 0 0 0 0 0 0 0 0 0 1434522486 0 2044489571 0 1561634234 1895014882 0 0 362533667 0 0 1815751852 0 0 0 0 1470418176 0 0 1927389263 0 0 0 0 1795016754 427112895 0 0 0 0 0 0 0 0 0 1489514652 0 0 0 0 0 0 437255471 0 2075268258 34742809 142333303 
0 1386714671 770151624 0 0 0 0 0 0 1546539114 0 1564287567 0 0 178720360 1784728390 0 837642725 2004975774 1723007753 0 997391812 0 2013083592 0 2002654802 0 0 1930439413 0 0 0 1724312896 889704380 211783306 557364937 1728883884 0 2012794024 0 730264992 0 0 0 1580431111 0 0 0 501279852 0 0 1745376177 23282534 0 0 572738760 2124926022 0 549958213 0 103946113 669510970 0 0 
0 0 238140299 0 0 0 0 0 1378269103 693645200 0 0 0 0 0 0 0 1867105447 456454707 0 0 2067430828 1536278981 0 1833778717 0 0 0 0 0 1618500192 19996219 1674630222 0 0 2011696098 0 0 0 1190876621 915501792 1530028041 0 0 1296911358 0 0 0 0 0 0 2041265135 0 0 0 0 0 0 1984284437 989039016 0 0 0 1488770861 
1164457824 0 0 977065342 244019986 0 20458316 1159521779 0 2022551503 284822250 816498734 207334525 0 906184131 0 0 1959409750 153004481 0 0 0 1115826400 634721553 0 0 0 0 0 485312156 461883275 0 0 0 0 0 0 274942357 0 1471496945 0 48355918 0 357344737 0 0 0 1026043074 0 0 0 0 635693574 1063652620 0 1942148998 2016279810 0 0 129240684 0 0 0 68871851 
0 0 820367388 848953548 0 0 172966845 0 0 0 0 0 1360175039 0 0 0 0 0 0 0 839336058 0 0 0 2007257990 0 837372905 0 0 244032288 0 0 0 0 0 0 894310939 176342775 0 0 0 0 328382058 1849996691 0 0 1921310346 1112903705 0 0 0 0 0 0 0 0 0 0 1022344855 0 413312538 512387349 0 0 
0 0 159749743 1717108172 0 87107229 1096192438 504725111 457905447 0 0 0 0 0 0 1512736486 938774525 137342841 0 0 0 0 2133864959 0 1785182853 0 637155791 0 1521113516 472340545 369499993 196427100 310901229 529249736 0 325804689 0 0 0 1074262413 0 1037767955 0 0 0 0 0 1957607333 0 0 342814433 0 0 0 0 0 0 0 379043035 711551779 0 748543029 907978879 0 
