0 836640 0 251040 836640 0 0 836640 0 0 0 0 251040 251040 0 0
251040 0 836640 0 836640 836640 0 0 0 0 0 0 0 251040 251040 0
0 251040 0 836640 0 836640 836640 0 0 0 0 0 0 0 251040 251040
836640 0 251040 0 0 0 836640 836640 0 0 0 0 251040 0 0 251040
251040 251040 0 0 0 836640 0 251040 836640 0 0 836640 0 0 0 0
0 251040 251040 0 251040 0 836640 0 836640 836640 0 0 0 0 0 0
0 0 251040 251040 0 251040 0 836640 0 836640 836640 0 0 0 0 0
251040 0 0 251040 836640 0 251040 0 0 0 836640 836640 0 0 0 0
0 0 0 0 251040 251040 0 0 0 836640 0 251040 836640 0 0 836640
0 0 0 0 0 251040 251040 0 251040 0 836640 0 836640 836640 0 0
0 0 0 0 0 0 251040 251040 0 251040 0 836640 0 836640 836640 0
0 0 0 0 251040 0 0 251040 836640 0 251040 0 0 0 836640 836640
836640 0 0 836640 0 0 0 0 251040 251040 0 0 0 836640 0 251040
836640 836640 0 0 0 0 0 0 0 251040 251040 0 251040 0 836640 0
0 836640 836640 0 0 0 0 0 0 0 251040 251040 0 251040 0 836640
0 0 836640 836640 0 0 0 0 251040 0 0 251040 836640 0 251040 0
