0 558064 0 390000 522512 0 0 558064 0 0 0 0 398080 390000 0 0
373840 0 504736 0 540288 504736 0 0 0 0 0 0 0 373840 365760 0
0 349600 0 558064 0 504736 540288 0 0 0 0 0 0 0 365760 373840
593616 0 373840 0 0 0 522512 558064 0 0 0 0 398080 0 0 390000
357680 365760 0 0 0 540288 0 365760 522512 0 0 540288 0 0 0 0
0 349600 349600 0 365760 0 540288 0 558064 558064 0 0 0 0 0 0
0 0 365760 357680 0 365760 0 540288 0 522512 540288 0 0 0 0 0
373840 0 0 373840 540288 0 365760 0 0 0 504736 504736 0 0 0 0
0 0 0 0 357680 373840 0 0 0 593616 0 373840 611392 0 0 593616
0 0 0 0 0 373840 357680 0 390000 0 558064 0 611392 593616 0 0
0 0 0 0 0 0 365760 349600 0 373840 0 504736 0 558064 540288 0
0 0 0 0 365760 0 0 349600 558064 0 349600 0 0 0 540288 558064
611392 0 0 611392 0 0 0 0 398080 398080 0 0 0 611392 0 398080
593616 558064 0 0 0 0 0 0 0 390000 373840 0 398080 0 522512 0
0 540288 540288 0 0 0 0 0 0 0 365760 365760 0 357680 0 522512
0 0 558064 593616 0 0 0 0 390000 0 0 373840 611392 0 357680 0
