0 10240 10240 1024 10240 1024 1024 0 10240 1024 1024 0 1024 0 0 0
10240 0 1024 10240 1024 10240 0 1024 1024 10240 0 1024 0 1024 0 0
10240 1024 0 10240 1024 0 10240 1024 1024 0 10240 1024 0 0 1024 0
1024 10240 10240 0 0 1024 1024 10240 0 1024 1024 10240 0 0 0 1024
10240 1024 1024 0 0 10240 10240 1024 1024 0 0 0 10240 1024 1024 0
1024 10240 0 1024 10240 0 1024 10240 0 1024 0 0 1024 10240 0 1024
1024 0 10240 1024 10240 1024 0 10240 0 0 1024 0 1024 0 10240 1024
0 1024 1024 10240 1024 10240 10240 0 0 0 0 1024 0 1024 1024 10240
10240 1024 1024 0 1024 0 0 0 0 10240 10240 1024 10240 1024 1024 0
1024 10240 0 1024 0 1024 0 0 10240 0 1024 10240 1024 10240 0 1024
1024 0 10240 1024 0 0 1024 0 10240 1024 0 10240 1024 0 10240 1024
0 1024 1024 10240 0 0 0 1024 1024 10240 10240 0 0 1024 1024 10240
1024 0 0 0 10240 1024 1024 0 10240 1024 1024 0 0 10240 10240 1024
0 1024 0 0 1024 10240 0 1024 1024 10240 0 1024 10240 0 1024 10240
0 0 1024 0 1024 0 10240 1024 1024 0 10240 1024 10240 1024 0 10240
0 0 0 1024 0 1024 1024 10240 0 1024 1024 10240 1024 10240 10240 0
