0 1553348252 0 0 796020661 0 0 771670814 0 0 0 0 704768375 0 615879324 0 0 0 1223976615 0 0 0 0 2032633219 0 0 0 1412598784 0 0 1060357504 0 0 0 0 0 0 0 0 0 0 0 0 1165313923 1349785218 300729281 506400976 0 0 0 0 0 0 0 80623135 0 0 1647445677 589612909 0 0 0 843765980 0 
1318071259 0 0 311927447 0 987610070 0 0 172638432 0 1397863244 0 417307354 0 0 0 0 0 0 0 462302208 0 0 0 0 0 0 0 283618828 0 0 0 0 0 0 0 760669940 0 0 0 0 0 308248375 731747430 0 1250776457 1855734872 1973351695 0 0 840373075 0 0 0 0 0 0 1643634145 733210788 0 685098051 0 0 12094672 
0 0 0 0 0 590128428 0 0 0 0 0 0 0 0 0 979843827 0 0 0 0 0 0 0 0 0 1195911512 0 1230567602 840971878 0 1242662274 0 1691434089 0 0 0 0 1549980837 0 115943506 0 0 0 0 0 1405797741 0 277976716 0 0 1707802197 939191105 979029561 0 0 1524499112 1218930785 784717453 0 2059902663 1159168097 1850245341 171511128 0 
0 0 0 0 0 0 0 834734718 0 890543083 0 637639577 0 212578939 0 0 0 0 670854766 0 0 0 0 0 0 0 0 0 808679230 0 0 865198263 0 598438707 0 275615420 0 0 0 0 0 0 0 0 0 1868415097 0 1498953439 196866292 0 472788798 695820408 0 0 266221661 1882595189 0 1896525577 16000929 738236389 1550856973 1000008855 0 1814581787 
1598447562 1321554069 0 0 0 0 0 0 0 0 1459933288 1406329098 1393320647 917981286 0 0 1046884050 0 0 1660274300 54227308 0 0 0 0 0 0 1704644263 263911977 0 1371742402 1862359540 1499525929 0 0 0 220036013 838897455 1094129378 269701118 0 0 0 0 0 0 0 0 0 0 0 1571160452 1743096005 0 0 0 0 0 0 0 0 678302664 374828191 0 
0 0 1167560341 0 0 0 0 1696835713 0 2011042327 1306475719 0 0 0 0 0 0 0 1090514085 0 0 497975356 0 1186751336 627457483 0 1846703635 0 0 0 594407737 0 568183431 1761968078 0 1901216138 0 0 0 249475593 1136201349 0 0 0 0 0 0 0 0 1895973204 0 0 246464913 0 0 0 0 1204415948 0 0 1278464127 0 0 0 
2017726033 1743798332 0 1746416535 0 0 0 0 1513024879 0 0 0 0 0 0 1340122877 1697729217 0 0 0 0 0 670632878 0 0 331983096 61546654 1351676241 587741050 0 1050840151 457983435 464029110 0 0 0 1407201156 2052808452 0 0 1848554274 186958415 0 0 0 0 0 0 0 0 0 0 0 0 0 1306674906 0 0 0 0 0 1561707651 1384010940 0 
0 1440927263 0 0 0 0 2097904099 0 0 1057083362 413298939 0 0 1119398062 0 1194763038 0 0 0 422560183 0 0 1729235089 0 0 0 1617999394 0 0 0 0 0 0 0 0 0 345295986 0 394061415 1829333157 0 0 1154601107 478233826 0 18829055 0 0 0 0 1538415992 719896566 0 0 0 2101482637 0 0 0 719629317 1736910887 0 144432815 0 
259869091 894398025 1231619911 0 0 0 0 1204769062 0 0 0 64832803 0 0 0 1826655881 0 0 399068799 0 0 0 0 757091114 0 0 1476720431 0 711768620 0 0 0 0 0 0 0 582480178 0 0 0 1157949423 555655966 0 0 0 0 0 945406557 0 0 0 0 0 0 839092790 0 0 0 893708019 2106273684 1789482820 766370608 0 0 
0 359746890 1972918108 0 76080619 845571186 0 1234030043 0 0 0 1017915576 0 0 0 0 256691238 0 0 0 0 1383942594 0 1326404317 0 0 0 0 0 0 0 0 427885344 1029772597 0 0 0 0 0 0 0 0 2147002865 1827067710 0 1962841350 0 1259683845 0 0 0 0 0 0 1258655869 0 0 0 0 1523534077 0 0 1987037892 0 
0 0 1396356337 337288023 0 0 0 0 0 1465894529 0 1137830582 1281252231 0 250030779 0 667796466 1979011027 0 0 640763355 325028303 2067550515 0 0 0 800013507 0 0 0 0 0 0 0 0 0 0 288130531 0 0 1754025060 1648921293 0 0 1629435764 0 0 149748582 0 0 0 0 0 661352857 0 134710140 1104220525 90547376 0 0 730115127 0 0 1978390574 
0 0 0 597644013 0 0 0 0 0 0 1362915134 0 0 1384829659 279741432 0 473116619 0 1267355809 2033915529 0 0 0 639117156 0 1341752067 1765860638 0 0 0 1209459109 876781093 0 545223183 1474425106 0 0 0 1153738784 192383357 416734393 0 0 149261029 0 0 0 79632901 0 0 0 1158041692 1080324238 0 0 0 0 0 959829827 0 0 21805288 0 455160724 
0 0 0 0 56854335 0 303754452 473588728 509203425 0 0 115719707 0 0 0 0 0 161417391 1861951405 1480687306 148624195 0 0 0 0 0 1104743386 0 2043600067 0 1879963029 0 0 866257400 0 0 1006290555 878270439 0 0 0 445376845 1631213688 0 0 0 0 723668422 1987983687 1003543219 56872080 0 0 0 0 0 993148161 0 424683630 0 2032651839 0 1352409471 0 
1023420411 1926925458 673674222 0 657712249 496201310 1397721299 14629699 0 881451339 0 0 0 0 1988551931 0 744930482 2045424011 390158261 1112616658 0 1856865562 112497983 0 0 0 0 0 0 2104115960 1343253009 0 1883557770 2016927231 1599992355 0 0 0 408416070 0 0 1008211519 424622910 144731684 749598782 265691194 545765711 0 0 935923973 459662275 0 645305887 0 0 778654841 0 0 0 1803686497 1751189660 0 1373967885 1487263782 
2009868579 826476592 0 0 0 0 0 0 1150194095 1959875784 1405635980 1899792878 0 1951401691 0 0 739842016 0 0 0 0 0 0 0 0 0 896722101 0 0 0 0 0 0 0 0 0 0 0 0 0 0 0 1833586954 175091882 0 0 416806770 1541722569 0 1838930610 0 623136302 0 795705922 0 0 0 612894007 1689257179 0 736100346 0 0 1685783277 
0 0 0 0 0 1757015687 0 0 0 1937390144 0 0 0 0 803614022 0 0 0 0 0 0 0 0 1840420128 0 2022995237 0 0 472819668 0 293925763 0 584372124 0 0 0 0 0 0 528157861 0 0 0 0 0 593663336 0 0 0 1403579341 0 260403657 0 423947736 2100823785 829736909 299459325 0 1585363043 772278993 812467837 0 0 0 
0 365778410 0 2111083393 0 0 0 0 0 281806921 0 0 0 190747881 402900388 0 0 0 1165054450 0 0 1118394587 1086791605 0 0 0 1988796121 0 0 325336618 0 0 0 0 263012336 0 1327251142 0 1169250707 0 0 0 1146942386 1912047121 0 0 669214266 1431954226 0 0 0 812526996 0 628316879 0 0 1152987880 0 0 1409464040 0 0 0 739324595 
0 1971888968 0 562035528 579175263 0 1036051913 0 0 0 0 288048673 0 2049529867 0 1480822619 0 0 0 0 0 27426444 0 0 1897783041 0 0 1945992609 2103277125 0 0 0 0 0 1900097039 0 0 0 1738055370 0 0 970887323 1714138286 0 0 0 1742868351 0 0 0 0 0 0 0 0 1666460156 413137861 0 0 0 914465089 2002802674 0 0 
27444422 1459606240 0 1003112366 100787896 0 0 924963851 1141355359 1995856618 0 0 1135030508 0 328570082 0 0 1184345855 0 292322073 2124645577 569725141 0 0 0 0 0 532449012 1131586725 0 990042082 0 0 1569938395 0 0 0 0 0 0 0 0 601083395 0 478534894 929653478 0 0 0 0 0 0 769068130 0 0 0 0 1093208533 919501065 1366171285 0 0 0 1042811785 
0 392378651 0 924920678 0 0 0 0 1127217881 0 2113289696 0 0 0 460448980 0 833179636 0 0 0 0 1286622750 0 0 232347635 0 0 1644296498 523376736 0 539624636 0 0 1314087240 632811660 1625394249 597680867 0 0 1724898749 257325401 0 1183167876 0 0 0 0 0 1251084114 0 0 1964351880 0 0 0 0 1802138480 931260520 2129690113 178031568 1475519268 0 2033406198 0 
1835918341 0 0 286115561 663261044 54002240 2011014310 0 0 0 0 1242288223 0 0 839045527 1793915861 1348048651 0 0 1601094630 0 228021004 2086488244 586043025 0 2068694709 0 487317144 443042162 649997144 0 0 0 494573783 417592417 0 0 281123079 0 879802931 0 0 0 1870653364 912117214 0 1517085578 112682217 0 980386024 0 0 0 0 0 220204904 0 0 707522049 0 0 1459512212 1027876 0 
1954085996 0 0 0 0 799090947 1234981303 2027564989 0 1209588810 0 0 0 0 0 579978181 0 2068159019 0 1161646040 0 0 1381850944 0 0 2089372993 869516692 321268063 0 0 830755063 0 0 1024750815 0 0 0 0 1868989575 0 0 1472240633 1395124456 0 445093621 0 0 0 0 0 1559978673 1096155165 0 0 2096120838 0 0 818153882 1680674933 0 0 363946348 0 0 
0 0 0 1065055278 1264535693 393310177 0 0 0 0 0 0 0 0 0 0 971009735 0 0 1349904188 0 0 0 1504569725 0 0 1494722950 0 0 545396433 677898975 0 1159252194 0 0 0 0 836229969 1253625026 1461080564 0 0 0 0 0 0 0 1377400743 12239556 1353365830 0 0 841516455 1141648693 0 0 0 1632382995 0 1695632432 0 0 0 0 
0 0 1465852213 0 0 0 0 1004658058 0 0 80184886 650390057 1447077961 0 0 1459317518 1099919463 0 0 0 1601777129 230067881 0 0 0 0 0 0 0 1634920645 934810983 0 0 0 661832872 350789326 0 0 0 0 0 1435632270 0 0 1182185903 0 0 0 0 559081237 0 0 789149118 0 57768539 504116347 0 0 249379356 2122846194 1931798838 1184190339 0 1432797015 
0 0 0 0 0 0 1184231571 0 0 756310170 0 1461884603 208695922 0 0 121210109 1015330166 0 0 0 0 0 161111983 907920969 0 410491339 883283515 0 1594681679 0 0 0 1877530059 0 999627301 0 1687429485 0 1986724136 0 0 1976299665 0 1001381317 0 730551813 0 1300395112 0 0 957390749 0 0 1118502732 0 2146543681 1528994072 0 1773523381 0 1049303548 0 0 0 
0 0 0 0 0 0 0 1541964295 0 0 0 0 0 0 889887366 0 0 0 0 0 0 0 137034503 199807623 186467255 0 0 1235770803 0 889276101 0 0 0 1651491564 604744590 0 0 0 0 0 1221362546 0 21022414 0 0 910909780 0 0 0 0 0 1429001446 0 1769358950 1628809070 1837040136 1532433187 657325148 0 1981323872 0 0 0 0 
0 0 1205272406 0 0 803728082 0 0 798045721 0 0 163333103 640053883 615154314 0 1250758130 0 0 532275928 0 764399183 13601350 0 0 0 49562504 0 0 0 1647615714 0 1139499234 0 129130237 0 0 0 124212451 0 1730904040 0 0 0 0 0 1404436577 0 251755757 0 0 0 0 0 0 0 0 0 0 0 0 796545727 1954874276 0 0 
2084004513 0 0 0 0 0 0 1235918110 0 199553073 0 1016734119 0 0 1268489876 0 0 954924357 0 1597536514 1913077698 185599870 263541563 773309895 0 1147074361 0 0 0 1318327345 0 890985855 0 0 1760365040 1811754358 0 0 0 1597985024 265234042 0 0 1869223692 1808047188 1735725371 0 1115537855 543166081 597581659 565590721 0 783181530 0 1082070027 0 1976206646 1558139030 248787024 0 0 0 1674173844 1158175530 
0 1287055236 0 0 1352736205 0 1060007960 1617970247 0 0 0 0 0 917433146 833286528 1658651259 0 1398877250 1967411391 0 0 0 268424101 0 0 517211125 692436874 1041635880 0 0 0 2023528674 1506182306 0 1485551610 0 0 398075922 0 0 1925319377 0 0 893320907 0 0 0 1806596057 0 224416262 0 0 0 78249199 0 1439067184 595460324 0 0 0 0 0 0 0 
1260321182 0 1281011589 0 0 1462933051 69873497 0 837081156 294732718 0 0 0 0 0 1662417819 675666266 0 2052483057 0 0 204313533 1093663835 0 0 1426883252 1034725377 0 0 0 0 0 0 0 0 0 1425496669 557904411 328244344 0 0 0 0 0 826255834 0 1720449768 1501922100 0 0 0 1157496782 1829762711 0 0 878343594 0 0 0 0 0 0 0 0 
0 460344205 0 0 1018248617 997514022 1322509041 1870885746 0 418781978 0 0 0 1501883815 1553214138 0 979849345 562249241 1941974182 662128408 0 0 0 0 0 0 1241575694 1234611698 350145476 1213888985 0 0 0 1398347288 0 544998160 0 514503926 0 1620897514 0 49834306 0 0 1551718121 1077920041 2020593037 0 0 1815083571 0 0 0 0 0 1135274085 969991481 1446256229 222402136 0 0 0 0 0 
0 0 584409269 0 0 852809528 0 0 0 0 0 0 0 0 0 19446495 0 1737174352 0 0 0 0 0 998882767 0 1822415896 0 0 0 0 0 0 120448569 0 0 0 0 0 0 0 652452166 0 731863391 0 1310510110 1422825517 0 2031836755 1012516221 0 0 1041407507 1757500673 0 0 0 0 64342702 0 0 1688079406 0 931722520 0 
0 0 940192336 0 1267326651 16358392 0 0 0 0 0 0 0 2684069 0 0 1378423899 1817097782 0 988440924 0 0 278991373 0 0 0 1198242959 0 0 2129965479 1700611645 12455261 0 493320333 0 1313523786 0 0 0 782820507 0 0 0 101828148 0 1686993750 1602242872 0 1356607884 0 0 0 136243015 0 0 0 0 0 0 1780208932 0 2080426240 0 0 
0 0 0 935941651 262200626 0 0 2023613921 0 0 2125442069 1036789181 0 1580201293 0 0 1429299100 0 0 0 663065871 0 0 0 0 0 0 0 0 94608633 0 0 0 0 0 0 1350718141 0 2093767146 0 0 2071725567 1384285283 0 1504443213 1544542287 958459540 786258665 1816708038 325206053 204317132 332290261 0 110106525 1148993065 1731336945 395710513 1598421153 656478818 0 1693029786 584179703 0 0 
0 0 0 2031197880 1844363778 1517419108 0 0 0 0 0 0 0 0 0 0 0 0 0 0 0 0 0 0 0 0 761786874 0 339534768 0 513044355 0 0 2084179965 0 0 1454115425 0 0 748292805 602951045 0 0 0 0 984309007 149800304 0 626021748 1163869214 1097695964 0 0 0 525370795 645963373 0 1287157669 0 291462044 1160527497 171069699 0 1726231435 
0 0 0 0 1202660719 743092981 0 1805611764 408621810 1709603996 0 1943861530 0 0 0 1172451104 0 0 1550292119 1619266831 0 0 0 0 0 1923255547 0 228380784 0 2080701297 0 0 0 0 0 0 391553408 0 861728129 0 0 2135361549 596553100 0 1411311625 0 912696816 1851130915 0 0 1322914098 0 243684553 1440660654 1160981690 0 1216432553 0 0 1163274152 0 1494530844 0 0 
0 0 0 0 318583184 1782207872 0 1659883188 0 0 1400128900 1033913750 611909700 165342068 737561017 0 0 2060475115 0 0 0 466010295 36069749 422601026 0 0 0 0 0 0 0 66026841 1343160473 602032993 0 0 0 0 0 2006842990 424113472 426788450 0 0 0 1630834109 1805316436 0 0 0 1797509783 0 0 1833579532 0 0 0 0 0 0 0 0 0 0 
0 0 0 162621750 0 0 0 0 0 0 0 0 0 0 0 1942430221 0 0 0 0 0 0 0 1841443057 0 0 0 1448298559 1940426722 0 0 1866291255 276911394 0 0 1916437355 0 0 1832593139 0 0 637288448 345708312 0 1247300192 1441461444 0 820173330 39757064 1557156473 0 0 0 0 0 0 1117862933 192154511 609062089 910806007 617347715 372813729 0 0 
0 0 0 1006050422 0 348322308 0 1233118053 0 1674691788 0 0 968669585 0 905600630 0 0 0 0 0 0 0 0 0 0 1621826501 0 307669067 0 0 0 0 250628416 0 966969112 0 0 0 0 1051590409 1823160729 0 1137017710 644346666 0 0 0 2093531820 622653478 0 0 1998923664 0 663329818 198089487 0 137672671 1455544965 0 2132312901 0 0 0 1445758827 
1401091315 912717054 0 0 0 1861556906 0 736863076 0 0 0 0 0 886499409 0 2025983611 1871847940 733046223 0 0 0 0 0 1534048712 1383574432 0 0 0 399172506 0 1876980021 0 0 0 0 0 0 0 0 0 851740665 0 0 0 650240 0 0 0 0 0 0 0 0 0 0 0 1177832773 133431291 0 0 1598057199 1188348560 0 1827916513 
881201949 0 971478174 288128597 1693181820 851902911 1610232078 0 2113537390 1921284555 0 2114187630 0 491113102 0 1146430071 207140195 0 374418334 0 2086706949 0 878827747 1117056074 0 0 0 720460151 1378544846 1776363158 0 112263147 0 0 400391745 0 0 0 0 42844195 0 279195454 9548177 804275284 770308556 0 0 977448752 0 0 0 0 0 1707473255 0 436498302 0 0 0 1128730739 557615995 0 0 388648452 
782739011 0 0 0 0 1687032196 0 1141466889 0 911921836 1945742173 589052559 0 0 1566501311 0 1926603923 0 0 0 0 1733813065 0 0 0 0 686569409 0 0 1927563296 0 732295567 0 0 0 0 0 346715043 0 0 0 0 0 0 0 0 0 1098833361 0 0 0 0 0 0 206226823 0 2113468002 0 0 2063024557 0 1502987899 0 0 
0 0 0 0 438892903 497855629 0 0 68604834 0 1421871542 0 0 0 0 0 2100345210 384232973 0 0 0 1100983450 0 1924496595 1993779683 1712371802 1840037504 519171916 0 0 0 1650089737 0 0 0 871461096 1689250008 637067752 0 0 1597112293 1843378772 0 0 0 1338356748 0 0 1722589721 0 0 0 0 0 0 943666328 0 1003185117 0 1444287692 1343575450 0 0 0 
0 0 500121091 0 0 0 0 0 617523446 1123605073 739929674 0 0 0 0 0 0 0 0 935317026 0 0 0 313998429 0 0 0 0 0 0 0 1948500378 0 914408180 0 0 1836036502 440477453 0 0 0 972853735 0 0 0 0 0 652360359 0 1043863857 0 0 1630214030 0 0 1072265672 366031394 678481181 1857892765 0 1236177435 124696206 1142770100 1444361575 
0 0 1940101353 0 0 25541766 0 0 0 0 0 1812809126 133572531 0 0 0 1711010130 0 1703346299 1193740512 0 623541359 0 1443088061 1302022540 0 0 390716327 2101111508 1780127883 0 0 0 0 0 0 0 606639379 0 0 0 0 0 0 0 487160542 0 0 0 0 333640103 0 0 452162640 0 0 281094295 0 0 0 0 0 0 1978679045 
0 800360240 0 0 0 683722132 0 0 0 0 0 0 0 0 456705315 0 1611122467 0 0 0 0 0 1391309939 0 984837350 1249389448 0 0 0 838295263 1703735963 0 1638655504 0 500072028 0 0 1683344349 0 0 0 0 1823225765 0 770644319 0 0 234283138 922792850 0 0 0 0 0 1541419615 0 0 0 70245493 0 0 0 0 1481727596 
2003730397 0 232415424 0 1155906859 1587768247 1276137864 0 0 951879981 478062584 0 0 996558266 1441500489 0 627131121 0 0 0 0 1418873492 0 0 0 0 362322811 266722414 29414224 0 0 0 0 0 655378796 0 0 1931516660 2007797249 1857723065 0 0 917456767 1820240406 0 0 0 1962065573 1663720345 1557330899 0 0 828720743 134735194 0 0 537651609 0 0 0 0 0 0 0 
0 0 2049115453 0 892138616 0 0 1628051609 100321592 0 1300808368 1435256044 1066277807 0 0 0 243048993 0 0 1071769736 0 91924061 0 1724289045 0 0 0 0 668326826 596598038 809922938 0 1704703641 711554743 0 0 473500150 1786223899 0 573821743 493544449 1230734939 2009077787 0 0 0 2142336760 0 0 800423588 0 1202488139 0 1407928916 779293537 0 956195900 923164768 1504521904 0 0 0 0 1076982799 
0 0 0 0 0 1456267980 1925837831 932485053 539519271 1787431970 0 0 0 339676774 615474330 767231135 1140100362 1846746092 0 0 0 601529164 517912472 2063387261 0 0 0 896973090 0 0 0 920427860 1291950576 0 124960300 0 0 0 0 1201117253 0 0 0 0 0 0 0 0 0 0 0 0 1485639164 0 0 862849448 0 240380349 1759822538 0 0 0 1433177083 2024081149 
0 1558137383 0 0 0 2123381266 506856370 0 836613865 0 1299357909 2037006885 141542519 0 0 0 1097858634 0 0 0 0 1744856905 0 0 1985237254 911202488 1739980167 0 0 0 446481680 0 0 0 447377518 1897779203 0 0 0 718998197 0 2054368136 608521435 0 0 0 1078123889 0 851561479 0 0 0 0 805885856 687702420 0 0 280198939 0 2067101963 0 0 0 0 
0 1508634235 1492495435 68423258 0 0 0 0 6906502 1395942890 0 127539624 0 0 0 0 0 853053638 251546605 582451805 1658939494 0 1993121805 1228544190 1219447964 0 0 0 0 0 2120036738 144299825 0 0 0 1885954284 0 0 0 0 0 1275386960 0 0 456862882 898064397 0 0 0 1230739166 0 1262573881 0 0 0 0 1720680593 0 0 1678941493 0 0 1823241319 0 
0 0 0 0 0 0 0 0 867743892 1451504282 0 0 202085031 157055419 0 0 0 0 0 0 0 0 504767988 0 0 0 0 0 0 0 1139308522 331839847 1550720289 0 0 0 0 0 0 167214999 0 0 0 2064911001 0 0 1870630419 4320225 0 0 1414619354 0 0 0 0 0 1896461048 0 0 1318393562 1370836260 2113923526 0 774072902 
0 0 0 0 573405520 347542199 0 0 0 0 0 0 767405126 2076805614 0 0 0 0 1304661627 0 761864981 1174260137 0 510842381 0 0 1829235943 0 0 1331985704 0 0 1494069536 0 0 0 0 316645580 0 0 948707513 0 671793540 1716112639 0 0 0 0 0 468410459 0 0 0 0 0 378043811 1698834988 0 0 2081177548 0 1364535663 2137074162 0 
0 0 0 0 1482641516 851375019 0 0 0 934626718 1999978020 1610525875 0 1163726852 0 271375303 0 222201653 0 1127324260 0 485173870 0 0 0 1989621357 0 0 0 979769713 0 222458953 0 1123101594 1532003947 0 0 0 1764788897 0 0 1617283270 556324656 1763742388 0 0 0 0 1306566983 0 0 664217294 0 0 0 0 0 0 782729414 1652199904 0 1263195240 0 1541449857 
0 0 0 0 906532635 0 0 1488512832 2109478245 1715413238 1104771572 595521071 0 0 0 1958861904 0 1959205609 0 0 0 0 375978668 860637315 0 0 365353572 7896846 0 0 0 0 1351707939 276752781 0 0 0 0 0 0 0 556557683 1326463424 1958352105 0 0 0 404372706 0 0 1902927072 0 146656757 0 0 0 0 1345504618 766766242 0 0 168629297 2077782710 0 
0 0 0 0 99982021 204800730 1945272187 1406039206 0 0 0 162838063 0 839154376 567210769 0 0 0 840849629 1083653396 0 0 0 0 1019021646 461805386 0 0 0 0 951829090 1075816762 0 0 0 1700891819 0 2087935136 959447377 0 0 0 0 2081636402 0 1253568037 0 0 1576222231 0 741192156 2030298516 0 436231300 0 0 0 640810341 350964705 0 1732382064 0 456804483 1185808214 
0 599467432 739216386 0 0 0 1145833853 1604622372 0 1832191121 0 0 0 0 105616036 367014094 1543118412 846808192 249828962 565490073 0 0 0 33592530 0 0 0 2102559049 0 0 0 0 0 1880100001 0 1010771087 1431280117 593976946 0 0 278684419 0 0 1216959930 2053465068 0 1583974024 0 264349481 0 0 1547388973 0 473989639 0 0 0 995561755 1888422015 0 0 0 0 0 
0 1966451143 0 2045718453 412944441 668995907 0 0 0 0 0 0 0 1345079167 0 2050866103 0 0 1450771428 447084488 76890699 0 0 0 0 0 0 0 0 0 0 1470146142 0 0 0 0 659690893 0 0 1187888089 351955414 0 0 0 0 0 2041854490 43221455 0 0 0 0 81927907 0 0 0 0 0 413569179 0 0 0 0 0 
0 0 0 0 226870550 0 2041452037 0 0 1516035096 569814352 0 0 0 0 1687175525 1809327465 0 0 1891255372 0 976243191 0 1725339014 0 0 0 568618594 174794270 2006211914 2099371497 0 2102618735 0 1222231273 0 0 1116199663 760831602 0 0 0 0 0 0 0 0 1456674966 0 1328201091 0 0 156960634 758493713 898676190 0 730109914 2029378584 0 0 0 0 0 0 
1655499580 348319136 2025247575 1297518727 0 0 0 1949269910 1969241483 0 0 0 0 0 925780301 0 0 0 0 1101484351 737237057 76993493 1392343309 0 0 0 0 1846995279 0 0 1542753569 423718545 1846658155 0 0 0 0 0 0 1880870860 0 0 0 709931098 0 0 0 0 107016193 2040712175 0 0 0 0 164116573 0 0 0 1776105728 0 0 0 0 0 
444409497 0 602607266 0 881052498 1568086834 0 0 0 1439402282 441071950 0 1567675131 1155983175 0 0 0 0 371460926 0 0 0 0 17014626 924461581 577166251 1775191058 0 1748541901 0 103114994 0 1417767342 0 0 151336192 0 490932711 2029960692 0 0 0 0 0 0 0 877734152 0 2046159244 0 0 1220700052 1784772578 0 0 0 0 0 0 379978973 0 1329066540 0 0 
0 0 0 0 1317886060 0 0 0 0 1763165971 0 0 0 0 0 0 0 0 0 0 0 1287560397 0 0 0 1708216805 0 0 0 0 330864192 0 0 0 790735450 905162447 0 0 0 0 0 0 1901568347 0 1343710827 1770063848 1852506286 1626936644 891769647 0 0 215229915 1042428754 0 0 1047927593 0 0 0 0 0 0 0 0 
0 0 0 0 0 0 0 0 73345384 176969502 0 1417056211 0 0 0 691319350 0 0 906549266 0 0 1224160170 0 1769159762 0 0 0 0 0 0 0 1401615141 0 0 1557650522 0 0 1980535325 0 0 10021179 0 0 1957054530 1409435301 0 0 0 0 0 442489732 0 484116021 0 0 360763409 0 986609060 0 0 2050921740 0 0 0 
1314427901 0 0 0 0 0 0 0 907522589 0 0 0 0 0 0 0 0 2090453939 2100930738 0 0 985614179 0 0 1972223239 0 0 1875661332 507142751 2065487942 0 1821570652 1986856807 0 1684391819 0 1734996474 0 0 495035415 839789961 1079731675 0 298448706 0 0 0 0 0 0 0 505347892 0 488206027 0 1752689331 0 0 0 0 0 0 646878601 0 
