0 102586559 2050042508 0 0 1341877218 517416808 0 0 0 0 0 0 0 0 0 0 0 0 0 0 0 1707634156 0 0 707752124 0 0 1505026541 0 0 0 0 0 0 0 0 0 2049656778 1991071068 0 0 1169172673 1636936812 0 1738892203 0 0 46736164 1767478019 0 906081885 0 0 0 0 0 1596195703 1568237869 0 0 0 0 0 
0 0 1597654570 0 0 0 0 0 0 1896690267 1493029210 0 0 1216143490 0 0 836137862 0 0 0 1149367352 0 0 0 1037207561 0 0 964360817 0 0 1472541834 0 0 922712756 1467844806 0 0 0 600838782 0 0 2093867993 0 0 1162527835 439699077 0 0 0 965968756 1546821118 0 0 0 0 0 0 0 261065344 0 332840536 0 0 436359544 
508836287 1116694353 0 783893096 0 0 1554643748 961658477 0 0 0 743373243 342364529 0 594555292 0 0 2141376410 1757056959 2144843927 1496142328 0 0 0 751000217 0 0 0 0 1088359023 0 1797573617 0 0 0 1222142834 188283640 1988626814 0 1916612696 1891292266 0 0 0 0 0 0 0 1100950346 1244515350 495311189 449609026 1154674624 0 0 1905674842 1491989795 0 842031948 0 0 0 0 0 
0 717316512 0 0 0 0 725983864 0 361308060 0 388441444 0 0 2023383483 1766830214 0 0 0 0 0 0 0 2033281004 1396023547 0 727829304 0 0 0 165116822 0 1711149078 882433335 0 0 0 0 1246504111 1743161310 1047070339 337506619 2131602754 0 535566710 0 0 1834577147 980434127 0 1435712962 0 1953987718 0 993837646 1202527617 1960110248 1721666951 1084310993 0 0 0 0 80426636 0 
1847221028 600946883 0 0 0 0 0 0 0 0 0 0 1388848558 0 0 0 0 0 0 0 0 152866916 1074538809 0 1237177910 43328085 1890859150 0 1430418206 0 0 0 424749021 1748770097 1515655247 124716368 622234628 800741598 0 0 254293946 0 344904490 1643142504 0 0 0 0 0 0 0 501449185 0 732696043 0 0 0 0 0 0 1442724771 0 0 1867473793 
0 0 1992190161 2013504594 1358027471 0 0 0 0 1838227349 1107980273 1737493039 1881168545 0 133738063 0 0 0 0 0 0 812215757 0 1300615468 0 0 0 0 1611321000 401204780 0 0 0 0 0 169034475 0 0 0 0 0 0 0 1638879723 489326875 0 74099164 2121601912 1555743625 0 0 2080334965 1970467195 1998914444 0 0 1820251927 0 1833017803 1284089279 0 0 0 0 
0 712841214 0 1573469355 779808690 1608159444 0 537519868 0 948713197 0 0 0 0 665973452 0 1261266545 0 2053672819 1084250093 0 0 0 0 0 876422537 0 284491671 0 815068357 0 0 1527909571 0 0 160234614 0 1028411327 0 0 1977124524 726670425 124123596 394718753 0 790097049 368056607 0 0 274245778 1027718522 0 0 71123257 0 851631334 0 0 1136123005 808388497 0 1078383752 944727537 0 
0 507052284 1390012382 0 0 2087766864 0 0 666953641 0 1759823242 0 423677198 0 1440107603 1228841301 0 320342477 0 0 391465734 0 372691400 0 0 0 0 700099370 0 0 0 1287162560 0 0 0 839676164 0 0 0 0 0 0 0 931064606 0 0 12422259 0 741764689 0 0 0 1876873197 1945909895 324758305 727620723 0 0 0 0 0 0 0 0 
235035810 103501131 0 0 977308389 1470504321 0 1484695797 0 2108682240 268276755 0 0 0 0 1124385494 46140878 0 0 1923014075 0 0 0 0 759565258 0 825721763 0 993501180 0 454931362 0 1815856969 0 428778242 645681711 0 0 2130377508 183816624 1369860818 251170615 973990345 0 0 0 729383469 0 1789422195 839515739 353540934 0 0 0 0 2033971572 0 0 0 0 0 0 714634204 0 
2090958175 0 0 1134633879 0 1474741238 1318450503 0 0 0 0 0 1813796048 0 688308341 0 0 0 0 0 0 0 0 391137394 0 0 2024718255 0 0 591868811 0 0 0 0 0 0 0 0 0 1543325179 0 0 0 0 0 194447707 1321063057 0 1236296983 0 0 987354696 0 0 1378492090 0 1085249780 0 0 0 0 0 0 1435393119 
904067701 0 1427781754 0 0 0 0 0 0 1770945573 0 0 0 0 0 0 1004028454 0 2041561312 0 1516567623 0 0 0 380812805 1234785319 0 0 1648697285 1983258641 0 0 0 0 0 0 0 0 413292015 0 867546850 0 0 685456482 0 0 1739663098 1723790024 0 1633740763 0 308072088 758826870 0 762405843 0 0 0 0 982175129 1942747971 0 1387456467 1152822828 
0 0 1938740057 1082285199 1610820110 204548424 677017609 0 0 0 0 0 0 0 0 0 0 833606098 0 0 0 0 0 0 1877345782 0 1395435244 0 0 0 0 0 0 0 1976538001 0 0 0 0 784297807 1636439852 0 0 0 0 0 0 368514777 707337151 0 0 1787119422 0 0 0 0 0 1448331133 425537134 1642439294 0 0 0 0 
0 218262801 0 0 0 0 0 0 0 0 1758121227 2139199120 0 0 0 931448015 1255538450 1582348257 0 0 0 0 1179014022 489459090 0 0 0 2008566359 560553929 373623185 0 2133246043 0 0 0 0 108634255 967985374 1529511718 0 0 0 0 0 995512009 0 0 103566811 0 0 382170157 116163516 0 1561184179 0 1446331046 0 590037342 0 1578805617 0 0 1564568013 0 
0 0 0 0 0 0 0 1788159905 0 1916343986 0 94489346 0 0 198056157 0 0 580226314 0 1781137162 0 0 1079984560 0 0 0 0 1836323005 0 0 0 0 0 0 338536520 0 0 0 1620348840 1173958511 57930412 656017498 0 5347783 0 0 1713670444 0 0 1390672973 0 0 0 991397925 0 0 0 1348852566 87316295 0 0 0 1645253159 0 
0 0 404020585 1080385532 0 0 106860395 0 532903275 0 188654301 551029847 694328620 0 0 0 1145514071 740203063 0 0 1731600988 0 0 0 0 1157121765 0 1802907244 341340283 1743838328 0 0 1580144359 631275831 0 0 0 0 0 0 0 0 0 456143793 0 0 0 0 1013603843 0 0 0 0 0 1413151117 1374554975 0 0 0 0 0 0 0 540751677 
1888509648 1696340020 0 0 0 0 0 1992145761 0 0 0 0 0 0 0 0 0 0 472105731 0 0 0 0 1644646777 0 0 0 0 0 541354537 750868483 0 90210909 849656977 0 0 0 20376964 0 0 755240537 0 2062370117 1763504891 0 0 1637889439 0 1987209814 0 1781670942 0 0 0 0 0 12013759 0 1159911017 899408270 0 0 1527828782 0 
0 0 1624662782 1302741636 0 1642382746 0 0 1960908616 0 649591999 0 0 0 0 1717480015 0 0 1620728035 1950277686 1759592698 0 0 1771606457 0 1912499267 523531079 1055089045 0 0 0 0 0 1983873112 0 440159688 1478772210 0 0 1292197178 0 0 0 0 0 223258059 0 0 0 0 21139939 0 0 0 0 0 0 0 1132679132 0 0 1491889462 0 0 
1328278926 0 0 0 564024071 0 0 1153268997 1168711594 0 1472784124 1284548181 654728446 0 1502894082 0 0 0 1321349233 1108946565 0 0 0 0 0 171732137 0 489008965 0 0 0 844416877 0 0 1503984365 1033263175 680006783 1308265383 39048524 1848718378 1739735770 0 0 0 726644618 0 0 1451696118 0 0 413159036 0 1687667430 1599695689 557044651 0 0 0 1401048515 1287565778 130035883 0 2131982655 0 
0 1488483373 0 1336180915 0 0 0 0 0 0 0 1762580304 0 0 0 2082135622 372809505 0 0 2060476936 932163852 359718906 0 0 0 0 1843673808 0 1247637852 0 0 0 1169172541 0 0 0 1411309628 0 0 0 2005639804 0 2062341971 0 0 0 9716385 1617499398 0 1959874288 0 0 0 208041876 1802391143 1844950753 0 0 0 0 0 0 1290605771 0 
0 0 0 0 0 1931868247 0 0 185353631 973181536 0 0 1954832634 0 0 0 2120883863 0 1367751360 0 0 0 1990460515 777749771 0 0 0 0 0 0 1753986348 0 1690780703 1625899715 1056663502 0 1410284314 2114986715 0 0 0 0 0 0 149901219 0 869501836 0 0 0 0 0 1112428404 111788064 0 1486184915 0 0 891728251 0 0 498230951 0 0 
0 1613240975 2107061338 0 1580744042 0 0 373944998 0 0 0 2083452658 0 0 0 0 2081249972 0 0 0 0 0 384895996 1894978831 0 0 0 552741264 0 0 0 0 0 710526967 0 0 507703113 1826035531 0 293770903 0 0 0 0 0 289010358 1846307244 735252580 0 0 0 0 0 18859656 0 0 0 0 0 922855454 0 1113780081 526874023 0 
1824307048 0 0 0 0 698358045 0 0 0 0 0 309850132 997047688 727959677 1045102712 0 0 0 0 2001893113 697926029 0 1811982652 0 0 0 768781739 0 0 0 617791942 817933289 665996038 1480639095 0 1862371846 0 1480757219 0 1687361018 0 0 0 0 1912711452 894830215 0 0 0 0 0 124338969 0 1373770153 0 200241927 0 739046993 1564236257 0 0 34544551 0 0 
1515183647 0 0 0 0 423719038 0 1589703766 0 0 480578709 0 0 0 1081076653 0 0 642864154 0 0 0 0 0 1270250621 0 1840443605 0 0 1874988157 730152665 0 0 797788310 0 641901648 198697526 1075969373 1728476158 0 0 517294522 121496354 0 200943102 1107089693 844248159 1458488269 0 0 0 0 1356262973 2045038150 1326004526 0 0 0 0 0 0 0 0 1989157149 0 
0 483575149 0 1784565782 0 0 174038671 0 1485575621 2084693825 782805283 445181666 781458336 93809905 1419013424 121087002 0 0 0 684253165 0 1956379922 525520404 0 0 197719488 0 0 0 0 0 962661971 0 1632237251 599744105 0 0 773782776 0 0 0 0 0 0 0 0 0 0 0 0 289559522 0 0 0 243623391 557720289 0 0 1089815470 0 0 0 82043299 0 
0 681787404 0 0 0 0 0 0 380793736 4025281 0 1346885077 0 0 952191433 132624809 0 1241750955 2004919532 0 0 0 1083527577 0 0 25859399 0 2078339841 0 123571276 0 1508395200 805358681 0 693389126 113445214 0 0 0 1298104201 0 0 0 0 0 1449697064 0 0 0 2114539086 773470934 453311605 0 0 0 1678078691 1882857910 0 0 0 1540557507 1451213254 0 198432540 
712527772 0 311877754 1629838237 879733335 444402455 0 0 0 1277964421 926061257 415131538 580177837 1035680811 0 0 1002736250 0 0 1070850964 0 0 601446007 0 74931003 0 0 1615488511 0 0 0 79154622 0 2125798806 0 0 422717613 0 110574309 363691899 1619932424 0 0 52626613 0 1441618623 1176768822 927568979 0 606738989 1998419943 0 1412167409 0 0 1487098413 515279546 0 0 0 0 0 0 0 
599855837 0 0 0 0 1567306568 0 0 0 0 0 0 1459223763 0 0 0 1173121433 1159796490 0 437805194 1612178793 0 1924903607 0 484343347 732523235 0 202826051 0 0 0 0 1492995982 1807299124 0 1357534214 0 0 694521222 0 0 0 0 0 650517288 0 0 1823638721 0 0 113960267 1850739928 0 2038863875 0 75154025 0 0 0 0 0 0 0 0 
0 0 71100712 1515484463 533720647 0 1051581346 0 0 0 16253560 0 0 1603014932 0 0 0 0 2137035153 0 0 0 0 1805673097 0 757077076 0 0 0 1273076660 1594482492 1673986437 1739006050 0 0 0 0 2093568599 0 0 0 0 0 962788484 0 0 0 1029277235 0 0 0 0 911417690 0 0 0 521910635 1134235851 862744571 0 0 309743416 0 0 
1975326621 328541048 2124077963 111564465 0 0 0 1189680394 0 0 4985230 1697713006 0 0 579506593 0 345220504 2012726801 0 1256638194 0 0 1385950419 0 376850002 0 0 0 0 1346075798 488030132 0 0 0 0 0 0 0 0 519663277 1179232711 0 0 278274671 103010114 649399228 182920220 0 0 0 1704868813 144719094 1317553144 943335584 296706443 1694403146 1044546927 208744797 183598364 1455501686 0 671628496 0 0 
1136252944 2044661615 0 0 0 0 0 0 0 763904066 0 0 0 0 0 1927945676 0 832719657 0 0 0 0 0 0 430632363 1961053208 0 1985452958 0 0 919923104 0 0 0 1795799155 917713198 1531305033 342326939 1442045161 0 1106231005 0 935019018 372050652 0 62869862 0 0 0 77693802 2078728901 0 0 0 0 0 0 0 0 2007467715 0 1488106146 1481435068 0 
0 1129750575 1049212018 0 0 0 635995124 0 0 1571014142 0 1523636683 1633884004 955388204 0 0 0 0 0 0 864291942 0 2062877105 0 1134363166 0 0 1840731689 0 1580497087 0 0 562764014 873958880 0 0 0 0 0 0 0 0 1034827127 0 2076446481 0 1424453420 0 0 183120759 0 0 0 0 0 1273430898 0 0 0 0 0 0 0 612974929 
0 687905034 500332810 0 672954081 0 246823889 0 0 0 0 0 1540824734 0 0 0 0 0 0 0 0 0 0 0 222497085 815781621 0 0 1607207422 0 885682928 0 0 0 1860741900 214271426 0 0 0 0 0 1419802215 0 0 0 0 1590664539 257373204 0 677828692 980528635 0 0 829631317 1268202948 505625387 1645412938 0 0 0 1931143755 0 82761519 0 
0 1943503419 0 959596059 0 0 0 0 0 0 0 928141647 632213510 0 1185514851 0 1753918896 0 0 2037047198 0 0 0 0 0 0 0 0 0 1534018677 0 1592603396 0 243746180 404715807 0 78800106 0 0 0 1592374486 0 0 0 498007648 0 0 0 0 1190338023 0 0 0 0 0 0 1562717707 0 0 0 0 0 0 0 
1484605749 0 0 0 0 0 0 0 830113463 0 0 0 16238149 0 1432564008 1334627086 0 0 1353723530 1234819224 0 0 0 0 0 0 0 443456251 0 0 829020128 0 0 0 921927785 2010396665 1561436736 0 476378171 0 387915291 1166947674 0 404153440 0 857268024 0 881831807 0 945020409 2116651031 1952120670 516477182 0 1035636919 1904408003 1288852932 0 0 0 0 0 0 0 
1182641453 1590702476 0 0 1114725067 0 0 0 1311717527 0 1906793799 0 1122633134 0 0 0 0 0 0 0 0 0 0 1020393932 0 0 0 1287360440 0 0 0 0 0 0 0 1409881633 0 123740109 0 70234517 0 0 0 0 0 0 0 170582963 1657171165 0 982687583 1388712165 0 1551716559 0 1814866394 0 444785495 954743187 1972452811 1296723233 0 658937286 1591879799 
0 0 0 0 65756411 0 0 0 2143664623 227511885 1966599983 0 0 0 0 2023658592 0 0 1264887109 0 0 1526509558 1287771679 0 1971295054 0 0 0 0 0 0 0 0 1419208574 76305710 0 0 0 0 887222030 0 0 0 0 1810298587 0 0 0 0 0 0 0 0 0 0 0 0 0 1624819967 495396000 0 0 0 0 
0 0 0 0 0 1597387087 0 588446178 0 1850613651 0 0 0 0 0 180209389 2086841051 0 0 0 0 0 0 0 2128949958 0 643576211 55346981 0 1795431502 1157432856 2105195764 876108855 0 0 0 0 0 0 0 0 0 0 1461338328 0 2079617029 1641547717 0 0 1927398456 57549289 970210257 773689349 0 1118390468 0 1783118914 0 810502641 0 0 0 0 138539742 
0 0 0 1682348683 1654812999 0 1008608192 0 633782799 0 1926798011 0 0 0 1717344973 2069955224 0 0 0 0 809076557 0 0 0 0 0 0 0 0 0 0 92057640 1360947306 688238559 0 0 0 0 1333736340 0 1451056527 0 1227496349 51231920 386429135 0 0 1587206024 424768289 866385330 0 0 0 0 0 0 0 0 0 0 1216274830 0 0 0 
0 0 0 0 0 484267838 0 2112660915 1597318541 0 0 1983747676 2097606316 2137596332 0 0 0 690175020 0 0 0 0 0 1780502347 0 0 2087595550 0 718140118 0 0 1381452883 0 0 358852188 0 528278029 431604481 0 2125596570 0 1008527107 0 1681975791 0 0 2056866749 1855137806 1928022023 1518118906 0 0 510444086 0 2100058960 1905393109 0 0 221649665 0 231949959 0 0 0 
0 0 0 1687416578 0 0 0 2011161590 0 0 0 328544399 0 0 0 350808182 825672094 1330324715 0 1336116180 124001247 0 0 0 515627321 0 2063109904 747577280 283320017 1551961702 0 0 0 821606734 982391497 0 0 0 0 0 0 940822185 0 0 0 0 0 1074047466 167956514 0 0 291957761 0 0 0 0 0 0 0 808217317 0 0 0 672471453 
0 1085583733 0 0 0 0 945307312 0 539952598 0 1822011196 0 731856000 0 0 899812514 1852768626 2125055436 0 0 0 1144471729 0 0 1012799439 1183395087 0 0 0 0 958076657 578205881 1708684366 1162038619 0 0 761169032 0 418619390 0 0 0 2089449601 0 521612628 0 0 0 0 0 1979425627 0 1268131792 0 0 0 0 0 419052788 0 0 0 0 1384607787 
391684417 1913370034 0 0 1614334402 0 0 0 0 248457385 1241600245 0 2052798775 0 0 1687228305 297150095 1476564483 0 0 1328937553 1188849654 1698729472 0 241672441 0 0 2065079510 1347428057 0 0 0 1425361227 1686549590 0 0 0 0 1954251305 1238143543 1299431093 0 508384793 0 0 5523649 0 0 1482088133 0 936806270 0 0 488052094 880764099 0 0 0 453576802 0 0 1755780451 1397407590 0 
1294846393 2141889866 1212090365 0 0 0 0 197327371 0 1235922355 0 1141600210 0 2146564468 0 576050490 0 1449930862 1239592528 0 1937982956 2120356627 0 248850014 0 0 0 0 0 0 717278129 0 0 0 0 196855216 800742868 1508480681 394182587 0 0 0 0 1838365394 0 227726299 0 899876662 1677657162 0 298724825 0 0 233553928 0 834796685 621959833 1624151615 0 0 0 0 0 0 
1731359407 543671114 0 0 2052151795 0 1105103772 501587536 0 819705479 192469282 1967843308 0 0 0 577605293 0 0 0 1297840378 0 0 2132637063 0 1091952567 1217349847 345653803 0 0 0 0 0 0 0 987835147 0 0 2092938920 0 484176866 0 0 0 0 1710179397 0 0 1528622031 2043733997 140992291 0 0 0 0 0 0 1881482024 1221410491 0 753339136 0 0 1356555655 0 
0 0 0 0 0 0 668605200 907523178 0 0 0 0 0 0 0 1894164925 956338527 0 0 565131771 0 1771203390 0 0 845130233 0 0 0 0 0 0 0 0 252883039 1834320112 0 0 0 0 107476039 0 0 222857227 0 0 0 925695596 0 0 1821142299 0 0 0 0 0 0 0 0 0 0 0 0 340079506 0 
284630966 26915970 0 1986905214 382357634 0 0 0 0 0 742471697 1351089863 2036615279 0 1183272182 0 1341825945 0 0 639204338 0 0 781712964 0 0 951660464 0 0 983408391 0 0 1268039357 1361498524 1283995662 0 1743856158 1403776883 0 1307313536 1731539307 1224113362 0 0 1113244993 1570468880 0 897251755 0 0 1415764159 0 500330978 0 0 0 1261709628 989905295 0 304667096 0 838764604 0 1093869395 0 
0 0 0 0 1108205201 0 1228575237 184834915 0 0 0 0 0 0 1046563522 0 0 0 0 411055970 341340220 548701480 0 1331245515 0 0 1157075553 0 0 0 0 0 0 0 0 0 1550045134 0 1450348088 0 1916770698 0 0 0 0 1589644468 0 2112404539 0 0 0 0 0 2048742459 0 0 1878691505 427433851 0 665387582 0 1476865664 1840310002 688203124 
0 364784703 1953716298 0 0 0 0 0 0 0 0 0 0 0 323754694 1464833332 0 0 1551429762 0 0 0 0 332198223 1249221911 1886552520 0 1780117063 0 690412159 0 0 0 0 0 0 1383649928 51270978 1060153194 0 181203633 703733105 0 1900780756 0 0 0 0 0 622076555 0 0 0 0 0 545602878 131937874 0 178236293 0 0 499072833 0 1857427539 
626142022 803704191 882975395 0 0 1943128589 955999669 1036178803 499378046 0 0 0 2037321055 0 0 218365178 0 0 1147883315 0 0 262116027 0 0 0 502419399 378704565 0 0 0 886109113 0 1521693678 1769084508 0 0 0 298458579 0 0 559499770 2054839914 2058464629 0 1914962618 0 0 249678230 0 1815585672 0 1078138587 0 0 0 304152596 0 0 1480317818 1856353196 1205664793 218943284 0 0 
0 678962712 0 0 977421291 2074424025 0 0 1981780291 1232878424 1986258240 1749259262 0 0 1998937492 642890814 0 0 1721029401 104797024 232153866 0 0 0 0 0 0 0 0 0 0 0 0 617307793 0 0 544248171 380958609 1030725951 0 0 0 0 0 1375977491 1979257921 0 0 1858970223 0 1655353488 0 0 0 0 146628406 0 0 0 1766813974 0 0 1568085194 327827780 
1948040565 627146360 0 0 0 852358620 0 0 1721859163 703670331 0 0 535444604 0 0 0 0 2008779311 0 1542672966 0 1221226893 0 0 0 1064302725 0 564243430 247551848 624133895 0 0 0 0 0 0 1566062501 1116263756 586359931 1140438016 0 0 2090791023 207895043 263134431 296733198 454826222 0 158028861 645397844 0 0 0 0 0 0 1830680559 0 0 2078232408 0 2075738626 0 304325212 
0 0 416226789 0 0 0 1200975728 0 0 1144283104 0 256539330 1441016302 0 0 0 321121035 0 0 40262125 1929364419 0 0 0 1484446218 1843353525 0 537491175 1771608504 0 0 0 1893938995 0 0 0 113146249 0 0 0 0 0 0 0 0 0 1416974430 0 0 804679931 0 0 0 165181839 0 1049694010 2008535365 0 0 0 1629456051 0 1898743936 0 
1539561103 77881715 0 0 0 0 0 0 0 2122348978 1947804748 0 0 1217295530 0 0 2021975461 0 839786481 1587223253 0 0 489433615 467359127 0 0 0 0 210653079 0 0 0 1929161351 0 0 0 1542265938 867212738 0 0 842078068 0 0 0 239681389 1979608387 0 114173202 273250309 1551649004 1701396455 879557719 0 0 0 466467089 2119965224 0 0 0 1003248534 1975913463 0 0 
660285111 1041303077 0 0 1908515815 1394147570 1776133358 0 0 0 0 656214819 0 0 0 778003305 1837598466 324300829 0 645528647 367647252 856994223 0 340128829 0 571488488 523263485 0 399918303 0 0 0 0 0 0 0 1068400979 743920526 0 0 0 0 2141149228 1921301778 0 0 0 1264725375 1088354432 0 0 0 0 0 0 0 0 0 0 1846172902 0 0 0 0 
0 0 0 0 470600362 0 0 0 1651202653 1663492786 1660967274 0 0 0 0 0 0 0 0 1046096907 0 0 0 131878724 0 0 0 0 1208775637 0 662518582 0 316140482 0 510160252 0 0 0 0 0 1695996596 0 255076111 1976059337 105195029 0 1196992862 232398902 0 0 0 1242096837 0 1104965225 0 0 724018804 0 1528050376 1932794441 0 0 0 0 
0 0 749401865 1174082485 0 1275808206 0 0 1315698173 0 30330948 1420893202 0 0 0 1465541609 0 0 0 0 1889269491 0 0 0 0 0 0 637710790 978965696 361693689 600371810 0 982432190 0 1506619476 1635674500 0 0 0 1793796407 315870007 1867760708 1067205961 0 0 0 690480514 1901369106 1357318684 1250635313 0 0 1037282026 0 0 0 1103390589 0 0 2082356285 0 0 267409628 1012666847 
0 0 0 799459491 1483993967 190803811 0 1799863975 2058564519 1512978212 1024802880 858681742 0 0 612567200 0 0 1372247392 0 0 0 0 0 0 1480898687 107921488 0 0 0 0 0 0 0 0 200329820 1808486226 1067978053 0 0 0 0 0 1837740666 0 2053469179 0 0 0 1675071610 0 432654029 1067345557 1158255899 0 0 491670938 0 0 2002804282 0 0 0 757660632 868502677 
1108811419 0 0 29305825 0 1990371808 1008364749 0 181073945 0 1565794774 0 1001445986 0 0 0 0 1244134098 0 1168398487 0 0 0 1395807781 0 0 605114437 1401979987 0 0 122999016 708355007 0 0 0 0 0 0 0 0 297163702 0 763525855 0 1328135441 0 1827643637 0 0 0 359192868 1937666569 0 2019262293 0 998931366 1387168704 0 253427705 0 0 0 0 0 
1028930993 0 809569183 1524323426 2031270066 0 53306156 180950120 0 816832011 0 0 0 0 1090486296 0 0 1449679164 706193581 0 0 1892184283 0 0 0 0 1547855157 0 0 1095438809 0 0 1380683293 0 316810359 1264469711 0 370116515 1445419831 715704573 1186948526 0 467912840 0 0 0 199829825 78507787 860594653 906023406 0 0 0 1936914040 595711680 0 0 2143566838 0 0 0 0 0 0 
97160983 0 0 0 861980303 0 0 2048928829 1664623529 0 0 0 0 0 0 0 0 0 0 941841618 0 0 980887785 1154582339 0 0 0 0 1275330965 0 1591560318 0 1056582401 0 0 0 0 423331036 0 0 1848257531 0 0 536615867 0 0 85568857 681483981 23412318 0 0 1853951398 0 456729737 0 0 0 1250715275 0 0 1815433888 734556165 0 0 
0 0 495611697 1540736105 0 0 0 0 0 0 0 0 1704982647 436845020 0 1728394965 0 0 1434862715 0 30346592 0 0 0 0 1268380145 0 0 0 977713007 0 0 0 139755363 1016529311 0 0 1847317213 596815092 1481299465 0 948091255 0 832527933 1384936276 995365291 413439250 1490871958 0 0 0 599328738 1996731123 0 353574058 1248391907 0 0 0 0 0 1959630245 0 0 
2099385609 891704113 0 0 0 1984516703 0 0 0 491199465 551610898 0 0 0 0 0 0 0 0 0 0 860966052 0 630574757 0 0 1029956354 0 0 0 0 0 0 0 0 240889301 1588091388 1548961675 2107455914 0 0 0 0 0 1476633313 0 0 0 425371273 1794697497 0 0 508179901 126158275 0 0 0 0 0 0 0 0 0 0 
0 1009787427 820436641 1641544081 0 0 1867276132 0 0 0 0 0 0 0 0 0 470220902 1126293944 0 978400803 0 0 1307112181 0 1687420496 0 0 470132565 1843511473 0 1049679905 0 0 1870116546 0 0 0 0 0 1795033877 0 0 268691966 661294270 1807136025 0 669041255 129873279 0 0 0 0 0 0 0 243614472 0 0 0 1357563907 0 0 0 0 
1486059842 0 0 0 0 1702343966 0 0 538989291 0 0 0 0 0 328514948 506374161 0 0 1622488512 0 0 1753756843 0 0 0 278050075 428824340 0 2041477018 0 0 0 1886454144 0 0 0 0 710839440 0 387433196 0 0 0 0 75547578 0 1617785826 0 0 1092790691 160730731 1908586843 699063886 0 979847276 0 0 0 2035837158 2044560861 0 2075504204 0 0 
