0 0 0 1407746302 0 0 1905047421 341622855 717159072 0 1238855042 997026767 0 1217378548 610416463 1420151894 626340093 2062209649 0 0 1809663790 0 0 0 0 1870818980 2043417924 0 0 2005912567 0 0 0 613259556 81647658 820715710 0 0 1162338565 1137953341 0 0 0 1516856076 0 597912924 0 0 0 1376114013 0 174819067 0 1546115507 878590323 1097146122 0 0 816137833 0 0 0 0 0 
0 0 0 1051845988 0 0 0 1159085976 0 0 0 0 627725067 0 1227627402 1140363992 546613092 1464252868 0 398073012 0 0 0 0 820814334 0 467015178 0 0 1770563442 0 812717203 0 0 0 0 1261994252 1906878873 0 1068588193 0 0 0 0 0 0 0 0 0 0 1887928987 1606068344 0 0 1590920263 0 0 0 898384112 0 1681015236 2069465319 246436833 0 
0 2111000025 0 0 0 0 0 0 0 0 0 0 0 1486347834 1782167494 0 0 1522612834 0 0 610793660 937113410 0 0 0 0 1444051086 0 0 1690487919 0 0 1654004296 0 0 1376915899 0 0 0 0 861539655 818086276 915099463 0 0 549783310 0 0 2072396144 0 0 535706156 176879495 0 0 0 366380266 0 0 0 1385609321 0 0 892129970 
0 0 0 0 0 0 0 942200254 0 0 0 0 797295497 841737681 58960669 0 0 0 1257914150 0 303151051 1656468114 0 0 0 0 2136039226 0 0 2038799421 0 0 1123414448 1603407380 1162345293 1204075047 0 0 0 0 742270205 946956395 2133354373 0 0 0 0 1870197842 0 1372204198 0 0 0 0 0 0 1804811219 2120986097 675009721 0 2012301870 0 0 988232671 
0 0 44824070 0 0 0 0 936302049 0 0 328384104 631782547 0 442674152 0 0 0 0 0 0 0 570349026 0 0 543851476 0 1636022499 0 0 172951033 0 0 0 0 0 0 0 0 1002558754 0 0 1330942858 960213180 970551447 1773617010 1314709921 0 0 1650304118 0 0 0 0 475989328 0 0 0 0 0 955652152 0 0 0 1892902011 
744988270 0 0 0 1101997868 0 0 1962310864 2145176679 0 785378663 0 0 878433064 1064838105 0 0 0 1143877424 0 0 1355581043 303384965 1020332163 0 0 1975984315 929017016 0 0 674435379 405478175 0 0 0 829312786 1300344268 0 644140002 1298037299 0 0 921863693 0 160468082 0 703863539 1717357702 0 0 228085609 0 0 0 0 0 0 0 0 549188554 250678720 1567630618 0 0 
2053741065 0 0 0 0 1451446426 0 0 0 0 0 0 0 0 0 0 0 691909190 0 0 0 700499184 0 2112078414 0 0 513783321 0 0 0 1759627274 0 0 0 0 0 0 2041056379 0 0 0 0 1350843799 143345292 0 0 0 0 359092922 0 0 0 0 0 0 0 0 0 0 0 1381817177 0 0 0 
0 0 0 0 0 87664736 0 0 0 839675649 235360565 0 0 95627076 0 0 0 0 0 0 1646880294 0 0 0 1761375922 980943319 0 0 0 0 0 0 0 1951361202 0 0 0 1994279484 0 0 686471486 0 0 1193330867 0 820084081 2059283171 0 881799960 0 0 0 0 0 0 1674641936 0 1716759050 0 0 0 0 407002227 69173078 
1320746365 764966214 0 0 611762050 0 0 0 0 1241195468 0 0 2061279550 0 842947376 795595862 468621144 0 0 0 0 1645961458 0 0 1215236860 0 333348658 0 0 740350885 0 0 0 0 0 0 15447091 0 0 845871801 583407772 0 0 0 1867790073 1624544544 0 188927570 1140977803 322108357 0 0 0 0 0 0 911773359 0 409875090 713071708 0 0 1835116423 0 
0 0 0 210726930 1364178448 0 0 0 1273182067 0 297306246 0 1315256796 0 1182416063 0 1912214140 0 1343660144 0 85607317 1483458530 0 0 0 0 0 1022619854 0 0 0 0 0 0 0 489262457 1796150390 0 0 0 2037432764 586671276 0 1205205913 0 0 0 1941507552 0 710133361 0 0 46108243 0 0 2002713816 0 1201973591 0 1915610043 0 324317610 0 0 
311712079 0 0 0 189396242 0 882227632 79345359 942957876 0 0 0 0 0 766275192 0 1361157849 0 0 0 0 142029602 0 0 1344003194 0 0 0 317180246 0 0 0 1783398062 0 589271147 1972794304 0 0 0 592919808 2121580066 0 1565171096 1574447423 0 183962640 1583331641 1053905977 329578397 0 0 0 0 0 0 0 0 451499240 0 1886227565 0 0 367636242 1880652338 
0 956907390 0 0 0 1610619010 0 0 652342650 1549965766 0 0 0 1265314357 1398996755 2063506804 0 0 0 0 1141386212 0 1004962276 0 0 0 301693800 0 527200061 669330043 0 269112991 0 0 0 1907159954 1348499930 1793266170 14695246 0 1195748289 0 198449710 0 0 0 0 166179417 1162647995 0 1746236156 0 0 0 719500443 0 682677248 0 0 1209877310 0 0 0 0 
0 1139978153 0 900903393 0 943649624 0 0 0 0 616218365 1602319905 0 0 0 1565322848 0 1367251831 0 0 0 0 0 0 0 0 0 0 0 1047544179 2027403156 0 0 808873886 0 825799360 0 1090358607 659824677 0 2043070643 0 0 298261848 442993963 0 1863584696 0 688471212 0 1944116471 0 0 229778733 1018114396 0 298045614 0 0 0 1634212453 0 1763511575 0 
0 0 352566850 0 0 0 149307598 0 0 1996994952 1236331660 0 0 0 1283803537 0 242923515 0 0 0 1310215093 0 0 0 0 336876874 0 0 0 0 989435043 125803561 0 0 0 0 206909772 0 0 0 0 0 0 0 0 0 1205978845 0 0 0 0 0 0 0 1919553982 0 0 1561166081 0 0 818806107 0 170695668 0 
146514044 0 280817395 353423816 379490686 1471134259 701284511 0 1750299136 1633090091 0 0 1701215560 813325442 0 0 0 1463276150 1013587016 0 0 785657351 1709275318 0 0 0 0 0 476348225 0 1046716233 0 1978404096 0 976286086 210411135 0 0 0 0 0 0 1088412800 0 0 0 0 0 0 0 196528012 1910043936 0 1905803330 0 0 0 0 140965440 0 415203701 1187681673 0 0 
367731654 0 456535285 0 888255639 1074999719 0 0 0 0 620857983 0 0 2040060676 0 0 0 0 1791924214 0 0 0 0 712096572 1754100428 0 471116906 0 0 0 0 2068044820 63684552 0 0 0 0 64909040 855889222 0 0 1476747205 0 0 0 0 1624342192 0 0 0 0 0 0 1020236232 2137505602 1844777335 1532867725 461138861 0 1085697243 0 2134542448 0 1377822924 
711538717 0 0 0 0 1038168690 0 0 0 0 1884376601 1736756481 786491544 1361235146 0 782476111 0 0 0 0 0 0 0 0 0 0 0 0 0 0 1056039957 688216538 1933394490 0 0 1796555363 129004466 0 0 0 534737146 1675363004 0 0 0 1222189705 0 1371648759 859756395 0 1944859924 0 0 0 1560746317 0 0 542146912 0 34177970 0 1312865396 722394509 315716764 
403701172 0 0 532705639 0 0 0 382008288 0 0 1703236978 0 189557958 0 1544417501 1049314353 0 0 0 1743126877 0 0 0 1467175054 374799605 0 0 0 0 0 1220322290 0 1850409637 1185110770 0 0 940885652 1562007986 2079689067 224539891 529376239 0 0 718934197 1147416882 0 0 0 1136036263 40154926 271657243 398227520 0 445908878 1865402574 247607224 876985952 1219271950 1152212750 0 1295535836 225051393 0 0 
1410162163 0 0 203564167 0 480864375 0 0 0 825412692 0 0 619655178 0 0 0 0 2063911265 0 0 0 0 0 0 0 0 0 0 0 38888343 0 2090582507 0 1638799159 0 0 0 0 269240819 0 1400179777 0 0 2019834955 0 0 1628042748 0 618441009 0 1466906409 0 0 770062610 0 0 0 0 0 0 0 1336793422 0 722146969 
0 0 0 0 0 310257627 0 1823077005 0 0 0 0 0 0 0 0 0 0 0 0 1535811559 2024899416 29305321 613759472 1662799295 275958541 372127729 0 0 0 0 0 0 2102751295 0 344622215 0 1834957903 20215573 0 1486009107 0 1549297652 0 0 0 663095662 0 0 467895125 1281459958 1002217051 0 0 0 0 0 0 0 0 0 1114464898 0 0 
0 291551808 180562652 0 0 0 1702103070 1465035171 1916422111 1103917074 1156625227 513086115 0 0 0 1418462758 140132366 0 0 0 0 0 0 1804197355 1729793289 1546283858 708705843 1644008739 0 0 1479949176 0 198143389 0 0 0 0 0 0 1630228517 0 651346202 0 0 323583443 0 0 463715809 822754833 778057212 949159068 0 0 1295228868 0 102055891 694029078 0 0 0 1312239500 1078530158 0 0 
591558338 0 0 0 1738971271 0 0 0 1833619520 0 107194240 0 1699987176 612055291 473435125 375258362 1390112503 0 0 1909858753 0 0 0 0 1370593078 0 324179031 0 541542136 0 0 1133100474 0 0 0 0 0 1226574833 0 306726055 0 952561410 0 563018960 0 0 0 807245557 64991041 206280404 569620662 635330455 0 434051658 0 0 0 0 2077167571 438605772 1043381556 1975415743 0 0 
1413732609 862687817 1101036380 2034322793 0 1946403550 193565200 0 0 0 0 0 0 306107068 975859923 0 0 0 0 0 1979532243 1752427863 0 1876595879 0 0 167718003 724720102 0 0 2001185258 0 0 0 0 396407422 753657893 0 0 0 0 0 0 992118993 0 0 209517454 1535026142 0 62246370 0 0 0 149103558 1608771260 0 156735510 1776489264 0 0 0 0 0 0 
0 0 0 1635346727 1559949371 0 0 0 2137215517 0 96812643 0 1021402057 306330097 0 0 0 0 653704224 0 620172122 0 1531779832 0 0 1605029065 0 1112427318 0 0 0 0 0 0 1901531822 0 133184283 0 0 0 1266322668 855023791 0 140241078 0 0 1061769921 1529930356 2006268290 1715474145 1565697410 478956764 1830465981 949993594 0 1574463434 407539012 2025071588 0 1939518921 0 0 58220368 0 
39909428 1959752190 0 173093711 0 0 0 1825641669 953744615 0 0 0 819012633 0 0 0 448159517 0 0 0 0 0 0 125807932 0 97528741 0 0 1424937802 0 1865589902 0 0 1206099578 0 0 0 1933950804 0 0 1217763712 1991691885 78696224 0 0 0 0 0 0 0 0 0 0 0 0 0 0 106436821 0 0 0 0 0 0 
0 1192087682 0 0 978554838 244292764 0 48834902 88501002 0 0 812878260 0 0 1985415035 0 0 0 0 0 0 0 0 0 0 0 1052038793 0 0 0 0 0 0 0 0 629344407 0 0 0 0 302179661 0 0 0 0 1425679108 0 0 419805474 0 1126175513 275732103 0 0 0 191859217 808605780 0 544618775 0 0 768210842 322847639 252517986 
1210286536 0 881862393 0 0 1560041703 524040807 890577370 0 2111788528 0 0 1389983988 543232299 206008219 1809789462 301010011 0 2085521565 222610066 0 0 0 1026772354 1024568539 0 0 0 0 1519319630 1878814943 790101789 0 0 539273136 0 0 0 0 0 0 0 0 0 0 1411014375 2079908626 0 595714459 0 0 813881034 0 0 0 0 0 0 0 1909622238 0 0 0 0 
1747395383 1091513516 0 0 0 0 0 0 1609915337 885286343 0 2042544903 0 0 0 0 1107969674 1584950476 0 0 0 1251582304 1784031667 0 0 1039418418 0 0 0 0 313918340 0 0 0 0 0 331273231 0 0 0 1964761859 0 0 2113578929 1686329312 0 0 0 1902417485 0 0 563119593 1373138032 143337934 0 0 0 158792721 0 0 0 1936014863 0 0 
0 0 0 878043255 0 0 671748175 983406422 1561423728 0 0 1100269392 0 0 0 0 1781684243 0 0 0 249728931 0 226733399 1432485283 0 1848829923 493894451 0 0 1328835468 0 0 0 0 0 0 0 0 1417539150 0 1946953296 219557206 890472236 477451009 0 0 0 1513886316 0 0 0 0 0 600474695 0 0 0 0 599239417 1939182108 0 41524173 0 1221929317 
1452669391 0 0 0 0 0 0 2128945338 0 362123589 458912699 877876826 0 0 0 1448661223 0 0 0 1289293435 0 0 2011363164 0 903655036 0 0 0 504643107 0 1932025506 0 0 0 0 2065389676 219237801 0 2046851366 0 0 358280417 0 177249207 1727559323 339585226 0 708271931 957606016 1773281252 1997565366 0 0 1861444883 0 0 0 0 0 0 0 1302656390 0 0 
595776644 2130313132 0 815014445 0 1407014200 0 0 0 0 0 0 467334308 73970133 0 1424940324 0 0 0 0 0 0 412149387 0 0 0 329004974 0 1085436661 0 0 0 0 0 348744103 1896628428 1484251069 381187454 0 0 0 0 0 976270845 0 0 0 0 2109831203 0 0 0 414810889 0 0 0 0 0 0 0 229392858 1827692921 0 0 
0 0 0 0 0 0 0 0 1712345420 0 0 0 0 1276329983 0 0 836132034 0 0 1250942923 0 1324542620 0 0 0 0 1241900805 0 0 0 1995550679 0 0 629991253 0 0 0 925508045 0 1144216172 0 0 1546030352 2124063879 1088231087 0 0 0 0 738487523 0 0 0 2114566975 0 0 0 1963953091 0 1894535877 0 0 0 1218889366 
0 0 2109340042 0 0 898638686 518357670 0 0 0 140156861 0 253985405 0 0 0 0 0 0 0 0 0 0 0 0 1548587551 187087799 828692795 860867044 0 2047582161 0 0 0 0 274823105 0 695636960 438399735 0 0 0 0 0 0 0 0 0 0 0 0 1429648848 0 0 0 0 0 2056772217 1604290096 0 1478447475 1504388610 1022359609 0 
0 0 0 0 0 0 0 360333547 0 0 0 1368211215 0 1616355333 2100604079 1982687553 0 2120963509 0 0 0 0 0 0 0 327846052 1655790971 227305921 0 530666932 0 1051094532 0 0 0 0 1659696122 0 1838431591 0 0 0 0 1735286145 0 0 0 669383944 0 0 0 0 1674912681 1635865849 0 423771127 0 1690869612 651077048 0 74052896 0 552073799 1804358728 
0 0 0 0 0 0 0 0 1743729300 0 0 2130409217 0 0 0 0 226632411 0 2001736171 1901545092 0 0 177832571 0 0 0 0 0 0 774799281 0 0 0 298618230 0 0 0 0 506691128 720784950 0 622457981 0 187407600 161231236 1356020033 0 0 0 0 0 1531190105 0 0 0 619451452 0 328178154 126221477 0 0 1437350230 1673543040 1312914864 
1735968460 964252299 0 713024110 1112481180 1798332766 0 859408149 0 2137519580 1046815749 0 0 0 0 1971728109 1639885896 964327074 1355434567 679136571 0 0 1298588023 0 0 1424809500 0 744559180 714676083 0 0 0 0 1201632034 0 0 852481152 0 24920959 1125788251 292546350 0 1560326586 1638602315 0 235244921 1462846777 906621693 0 670797696 0 0 2131684935 0 0 0 14188493 331645044 370342212 0 0 0 1032025471 1915906947 
0 0 0 186962148 0 1106340716 0 0 30593776 725593338 0 0 0 0 0 12926607 0 1789709532 0 0 0 0 0 393277018 0 2100873270 0 870094218 0 0 0 0 0 0 0 0 0 1067915776 606431093 0 0 593333359 6717693 0 0 0 619790333 2016145493 0 968890026 1973409871 0 0 0 0 1094133725 0 0 0 0 1754085400 0 0 0 
27715441 1066937740 1772143142 0 2134853517 0 0 0 824423947 1422615597 240259062 0 1633284558 860049396 0 0 1828939422 0 0 0 1971068052 0 0 0 0 0 0 0 0 0 1063955248 0 0 0 0 0 0 0 0 1744129276 0 1021767520 0 1750599126 0 905352877 0 0 0 0 0 0 855913522 0 0 0 1988494347 1259012507 0 680553838 1352818019 1118186220 0 0 
0 974097134 0 0 0 0 175668272 0 1169983075 0 1536709801 904316343 0 478521035 0 570169479 1138495043 1356781378 0 1994408565 0 2043213242 498696289 654521452 1154742101 0 0 0 0 0 0 1330430796 1709501196 92861194 1909453440 0 0 0 0 0 429974667 553634129 0 0 1032155164 0 0 0 1844779283 0 0 510806388 1859797102 0 1165327840 0 0 352919483 1227132029 0 1088323545 1953286126 0 650341093 
0 1537745450 0 139740422 0 1045562723 0 0 0 1718692766 1585538682 0 59207022 0 0 0 1652472520 0 0 0 0 1432636886 0 1667629199 1785556369 0 0 726396266 1117292390 0 1376737359 0 0 1257892106 0 459427741 155971182 0 0 0 0 0 91552756 0 0 598587685 2093415529 996234842 975714091 0 0 1721628263 1645877812 0 0 1283950534 0 1207264228 2010346800 0 0 1239600512 1595149769 0 
0 0 0 0 0 0 113664539 0 117178203 205217296 1482027113 0 0 1427958994 457175368 1779519073 1641199920 0 0 0 0 447953855 276060971 430508906 0 138924123 1009702613 0 0 457368734 0 1728533606 0 0 0 75623380 0 200694650 0 917389677 0 0 378330203 1209716927 0 0 841752352 1624440001 0 0 0 0 495886248 892611409 0 0 0 0 0 262576520 77438656 0 1991110126 1138169995 
0 0 0 0 0 434530997 0 537263184 1137295731 0 1746980112 0 0 0 0 0 0 0 0 985067458 2106654012 0 0 0 0 0 1253282416 1670053637 0 0 0 0 1027565483 0 1849420100 0 0 16718269 0 0 0 0 271928605 0 1736925186 869420770 978316285 0 2083463373 0 0 2042633737 2018071799 0 885855985 0 1205984612 2139138402 985773122 0 0 1646513107 1070408922 0 
1373562820 772345374 0 0 0 0 0 0 0 0 0 0 1827885697 0 0 0 466217545 556205677 0 336805696 0 397387849 1800008829 1667084990 389042603 0 0 1477606251 0 0 1446251735 0 2128220249 0 0 769800245 1102588755 0 121210531 0 0 0 0 0 0 0 0 0 0 1351867402 787299097 850754190 0 0 370355532 2138297854 0 0 0 0 2011696359 0 0 1992432961 
0 0 614749558 0 0 735960090 1075663884 1311078953 299545141 1416596547 1387549070 283820997 1250044682 0 734314398 1639698495 284784715 1521613495 0 2034039967 0 0 2024854173 0 0 0 2107527056 1233358765 0 0 1078308078 0 0 1693057636 0 0 281534078 0 2094914629 0 0 1334980051 0 0 267897364 1599214614 0 552682079 0 590160363 439238398 787298588 1303484932 0 0 0 1662399907 1639418706 0 0 0 0 639426857 2047144185 
0 0 0 0 0 630927193 1097517819 1687816213 0 1962418036 0 0 1414149002 0 0 0 1132660735 0 0 288662019 0 559200055 0 0 51135113 0 390178762 81970861 1114162345 0 2129115046 0 0 665127610 0 0 0 815539638 0 0 0 0 1200799361 0 0 0 0 0 0 0 0 0 0 0 927693528 0 1755210517 0 0 0 0 1838395029 0 1029181752 
356038992 1788977901 0 1652093796 457033891 0 0 0 0 0 984647299 0 0 0 0 0 0 0 0 0 0 0 0 1629265900 251292282 0 203671467 0 0 0 0 0 0 0 0 0 0 0 0 0 1042070546 0 0 0 0 0 542076766 0 894350208 695286878 0 0 1776190518 468108605 0 2027482800 0 453859310 0 0 0 0 0 349641365 
891025002 258632444 0 121503200 1628298728 0 0 0 0 0 929679187 0 435207243 1471755953 0 0 0 1552775388 0 0 0 0 0 0 0 0 1950096933 0 1671304894 1458151641 0 0 0 0 536349448 1197599166 0 739767903 0 0 971785263 0 0 0 0 0 0 0 641069509 539545704 1642261523 514469855 0 0 0 0 0 1857609306 0 553898880 0 2067956723 968745128 0 
0 1505094577 0 0 0 1508178047 0 1069164096 0 141705930 328672954 0 1377483699 0 0 0 1457284969 1179100712 385539416 0 202143795 0 1444753752 0 0 1927539352 1786120308 0 0 0 1909032483 1781486389 2112476366 0 0 0 0 0 0 920794868 943525419 0 0 173525470 0 0 0 0 0 0 1737763449 0 0 0 0 0 0 252580374 0 0 0 0 0 0 
1208609353 1618591743 0 0 0 0 0 0 0 0 1389978473 0 0 1434573505 0 978002863 0 0 359725148 440410540 0 0 0 0 0 0 0 0 0 1060474571 0 1637601972 0 0 0 0 0 648004879 0 0 0 0 0 0 0 0 779927768 0 0 1139652916 0 0 0 1874957004 1891354100 1192087366 0 0 0 0 1715198815 0 563693303 0 
1398023165 0 0 772927010 820362349 777287689 0 0 2040745768 1600476364 773271433 0 0 0 0 444856184 0 1419765078 0 0 1147238434 1684844983 0 0 192085579 686625436 717912124 1907284394 433639537 0 2006582227 0 0 762906663 0 126841599 1540194353 1936523952 0 1433456473 1389516668 0 1877266530 0 1277175113 441365179 0 0 1861130257 0 0 0 0 0 0 0 0 0 1793479376 0 357256091 0 546520881 1811218989 
0 1003626946 0 1808195324 792667250 0 1094168150 34700270 0 823951032 2100584918 1889916093 0 0 0 0 0 1751242563 1839847863 0 1493319417 0 0 0 0 0 0 0 1351984593 0 1441712148 0 0 1232289088 1280697241 0 0 0 866911586 586311488 1051332775 0 328743933 0 0 0 0 0 0 0 0 0 0 1830104670 617852705 0 1529511308 1254732590 0 0 0 0 0 330193775 
0 1487211412 0 441897101 1714593155 2029316677 0 618442283 701845886 0 0 0 0 0 1300211385 0 0 929421499 1296498713 1666823282 0 1914351418 0 2141553829 0 0 0 1312250070 1155985637 0 0 0 0 0 2066209332 0 0 0 459876160 0 156403148 0 0 0 1035735913 84505492 0 0 1013926991 0 0 0 628658887 1014475533 0 1650259247 0 200638481 815025669 0 1135235086 309985866 0 1409559456 
0 0 0 0 0 0 0 0 0 0 0 0 1616393274 0 0 0 0 0 2108806130 0 0 0 0 0 1782000657 0 0 0 0 0 0 0 460063133 0 0 597993679 0 0 0 0 0 298769406 0 0 0 572317263 0 1251513043 0 1313971442 1713697483 239186581 0 0 0 0 0 0 1152119075 0 1411436685 1183946978 1310970241 1871499818 
319284567 579875147 0 0 0 1214337224 0 0 1513106630 0 0 783610472 0 0 0 0 1091258247 1601337350 1667559484 0 0 0 73991549 0 0 1226110624 697318319 1366939544 0 0 1090955715 0 440680059 1412965565 0 0 0 0 591879289 1992925771 158750891 0 629052595 0 0 516692462 2043240718 0 2118029812 0 1724170404 1103057388 0 0 0 0 876788930 0 551408345 0 0 1642364060 0 0 
0 1321087930 0 0 1596039161 0 1233107241 1754790052 1896014402 1862159836 0 0 0 117931289 574880527 201914814 0 151567284 0 0 1949729238 1704216751 0 0 653295971 0 0 0 140971344 0 0 0 0 0 288998792 0 0 0 0 0 0 0 0 1468150872 0 0 0 0 0 0 0 0 384287345 0 0 0 0 902883018 0 0 0 0 0 713273983 
0 477762181 727568944 0 0 0 0 0 0 1307910211 409834013 0 0 0 0 510237579 0 55808691 0 0 0 0 34357308 0 1050540950 0 0 0 0 0 1911349469 2112982071 0 491434765 1914744298 1361490710 0 1050929522 303173851 1033550968 0 713007864 0 0 0 838327572 481142093 0 0 0 402168203 1450312396 1691972344 436525512 0 0 0 0 1793105132 0 0 1556970953 0 93526632 
0 0 1455017342 741527145 0 0 1775078113 1716319360 323715410 815798201 0 0 0 0 0 400778389 0 0 0 0 0 0 0 0 0 0 0 0 0 0 0 0 1751987730 0 0 1109467357 153302575 0 678303069 477017985 0 218043295 1446157312 1352307872 0 0 0 0 154941649 1456693399 0 0 0 0 0 427910706 0 0 1569445409 0 0 657023097 946978264 476746742 
1199618127 0 0 0 0 0 1829938688 0 335076815 0 0 0 0 0 0 0 1196937580 0 2029962811 0 0 993070616 0 846929280 567359297 0 0 0 0 0 1916348698 0 0 1355079149 0 0 0 0 0 0 0 283034426 0 0 23278607 0 0 1220216187 1461314658 0 0 634351825 0 0 1481281105 1549791104 0 0 841909413 423314866 0 0 0 0 
1965853613 1177247451 0 0 0 0 0 0 0 0 0 0 1648246138 1034626022 0 962077149 1023987213 0 0 0 1499082113 0 0 0 0 103152242 0 0 0 0 183356357 0 0 2083454739 1822779305 1690312305 0 0 1172968180 0 0 0 0 1310143359 0 0 0 0 0 1721165834 0 0 503908617 1132019964 775763731 0 0 1399362291 0 0 0 0 0 0 
1669738705 9207593 1466793488 0 0 0 1527738094 0 0 1756079425 0 0 0 1731469161 0 0 1305151347 0 916351883 0 5549010 0 0 0 943994258 0 0 0 551882005 0 0 74137062 1385456009 0 1580854452 0 0 0 0 2050609682 0 0 0 0 1359970841 0 0 517638540 0 943918680 0 0 0 0 0 0 0 1648858441 0 0 0 0 1186018747 0 
2060952094 619389551 0 0 0 0 0 0 1933498008 0 0 0 0 1864464872 1663623741 457675517 0 1842838598 0 1149450552 0 0 0 0 2078856662 1736607159 0 808996223 537250490 0 0 0 619562606 0 0 0 0 1243504487 55296884 856378489 1854205584 0 0 0 0 0 0 122592441 0 0 0 503615325 1515295719 0 0 1446668733 0 0 0 1832928804 0 0 0 0 
0 0 1987322618 0 1201475451 2042619502 0 0 1787330814 0 0 0 950783702 0 1371615792 0 1911978195 0 520774113 0 0 874145708 578975352 0 0 687156661 0 0 1719929764 0 1144115777 0 0 983954747 0 0 879090602 0 1092694008 0 1396255496 657553467 1767961119 0 1484234164 0 0 0 1488268402 737488452 381035329 0 0 0 0 0 0 1783325415 0 1219613459 0 0 0 0 
0 0 2123377062 1722353817 645784465 1068587423 93807938 2042039962 1726140890 1861769057 0 0 706378673 0 164136469 0 0 0 0 512465169 0 0 18287292 1004866175 1973475542 0 76995986 0 0 0 425764310 0 0 0 0 0 1470245147 0 0 0 0 0 0 0 0 0 0 0 673618417 0 0 0 0 1873351318 0 1179377428 0 0 0 0 1780375876 92025607 0 0 
493683331 0 0 1963928479 0 1013517180 0 0 0 829657369 0 1291259378 0 1110740297 0 0 126492056 0 0 0 2067306282 0 0 526653935 1664918841 178032666 0 1297811069 270058273 509428753 0 763741605 303505656 0 0 0 269913231 1445533657 0 1266888409 0 0 0 0 0 0 570050122 0 0 85606128 1175427148 1010816323 637345559 0 0 154780752 0 0 1452591821 0 0 1732300472 751547415 0 
